10000
167941
178184
616463
616464
559120
106515
290839
778264
909336
561178
581667
743460
108580
696359
108583
108584
976937
589865
968746
589866
448555
888879
747572
622647
776253
585790
311365
440390
720968
624713
815181
108623
108624
993360
127061
127062
946263
397400
32856
649307
311388
155741
311389
841821
34911
847970
878691
389220
313445
737381
841829
153701
129127
628841
860267
884844
213104
434290
999539
940147
346228
882806
626806
548983
108664
940153
938105
997498
92284
628861
628862
194690
751746
630915
792710
53383
952463
952464
2192
28821
802978
581794
970915
559268
936100
549029
600233
671913
559275
936110
725167
661681
927926
450742
612535
592055
123065
125115
590012
903360
702658
702659
981189
927941
614597
774346
968907
334027
125132
334029
559311
981199
131279
979157
139478
32985
590041
28899
764132
129253
923877
981222
499943
991468
567535
688368
418036
946422
319738
176383
389377
440579
620808
319752
749833
33037
395534
149774
938254
788755
246037
835866
819482
426271
936224
55585
702753
16674
944419
934181
364838
500008
952617
438577
553265
676146
155954
155955
696627
123188
393528
139577
158022
975174
999754
954700
737614
569679
377173
649558
444761
821595
674141
49506
260451
129380
936293
549222
627047
119147
614766
686448
287090
184690
164213
983418
129407
346496
711044
938373
975238
110989
627089
864660
928149
702872
166298
125341
125342
997792
948643
776612
209317
887208
346539
856491
74163
487859
426420
614841
129466
782780
682429
682430
680386
926147
573891
125383
655819
752077
35282
289237
967128
700889
20955
20956
61917
727518
782814
928223
236001
125411
125412
866788
692709
125413
125414
692711
348651
999920
705010
420340
729589
512505
172539
649735
504330
479757
33294
125455
125456
662032
125457
903700
817684
999961
107039
588323
465446
643623
975400
623146
623147
49712
860720
33329
844337
797238
129591
965177
578106
352830
989758
176705
346689
154198
154199
668254
457312
361058
498276
166502
592489
156268
997996
938611
557683
361080
361081
365183
715402
936591
971407
940688
940689
303761
127633
797329
127634
381588
635541
230037
942743
946841
696988
696989
787103
856738
926371
946852
879276
445100
967343
623284
346805
316086
553656
27321
701116
359106
780994
197315
125640
817864
817873
156370
408275
692948
408276
721629
668384
35556
918245
707303
852713
465642
80620
975598
289525
213756
592638
592639
109311
262913
183045
170758
238342
170759
252684
869137
871185
33555
936724
815892
439061
819992
29464
414489
402201
33566
33567
863010
185123
768810
125740
297772
817964
125741
35629
715565
817969
125745
783156
582461
977725
959296
965442
715588
629573
627525
633670
971592
332617
35663
631632
162640
590673
289618
289619
625493
123739
123740
123741
123742
146271
660319
17248
187232
945005
355182
33648
873331
971635
838520
154490
154491
752508
992130
879491
2947
70531
902020
623503
549776
981904
91027
928659
936852
773013
254871
910234
154523
732061
72607
435105
979873
129955
623526
938920
527274
625579
445355
844719
654256
629688
105403
707517
832445
506818
725962
926669
685007
971735
299994
889819
183266
125923
125924
125925
963557
938982
418792
388076
697329
902131
314359
35832
154616
154617
967673
447482
986106
461819
375803
33788
715774
623616
332804
123911
166919
123912
787466
295946
678923
959499
285710
150545
183315
334868
750614
463898
97306
797723
97307
932894
304158
404511
793632
123942
123943
287783
934952
318510
117806
715823
939057
939058
648243
980022
937014
687159
357434
939066
357435
582716
910397
592957
302143
728128
289857
867393
334916
185418
865358
177233
62546
246866
119892
150615
967768
412763
332895
154720
130145
904290
926818
937067
711789
953454
619632
418931
580726
605303
306296
248952
31869
128127
939140
117893
126086
926855
91276
124046
124047
414863
124048
838800
838802
873619
928917
623767
939166
953502
451742
750753
631970
959655
937128
31915
521389
693422
933046
126138
892091
462014
119998
177343
378053
933066
933067
613580
924878
175311
93397
31959
949466
943326
875742
697568
625890
165091
943336
427243
173296
625904
779505
972023
793848
130297
128256
382209
435457
394499
754949
451845
111877
818438
435464
939273
259346
118036
347413
425238
937243
564513
988453
154925
927021
154927
929072
109874
591156
79157
310582
128314
302395
435517
318787
990535
263496
935240
636233
945481
425303
595287
705883
697691
333149
937312
957793
62817
111969
957794
816489
961902
898414
986479
241010
830834
834930
120187
484732
818560
718212
290183
464266
290188
818572
136595
355732
785813
615832
576921
775579
927132
937379
761252
398758
404904
933291
783796
818612
968117
959925
599478
708022
132537
124347
124348
574908
124349
327102
619966
138688
740802
669123
222661
996806
906696
126408
464329
437709
982477
148945
150994
857555
327126
327127
138712
466394
619996
619997
976349
619998
849374
644575
364008
953833
364009
658927
728566
714231
747002
284155
648699
177660
282109
355838
470530
906754
790020
667141
34313
222729
583177
708106
712205
17938
73236
966165
644631
171544
464409
927258
867867
196125
185886
691742
390688
937506
501287
579111
595500
491055
128560
601648
624177
493107
757299
810549
177720
3640
722491
392769
392770
593474
794178
689731
34375
945738
876113
972375
839257
153178
228954
153179
466523
177758
454241
695909
992871
185961
165486
636527
800369
966258
73339
73340
298620
499325
939647
439935
628352
818818
534152
691849
941706
622220
624270
7825
243349
698006
106141
939677
110239
110240
167588
980651
738997
439991
851647
980671
718530
587459
810693
52936
745163
644811
722637
175825
698069
386774
650968
945882
708314
370405
980712
945898
927468
714477
569070
923374
155386
571131
155387
448257
435970
835330
167688
489234
806674
796436
356120
212760
722719
126758
126759
184103
960305
173873
933682
331570
757558
319287
950071
878393
245562
313150
124746
124747
966478
393039
280405
399191
247639
124760
124761
999260
372574
577378
687971
888675
577380
395109
464744
135016
89960
939882
526203
165759
153480
577421
133007
173968
989081
442267
972704
214948
49063
718759
933799
939945
163753
970673
706483
591796
30647
249785
370618
339900
87997
874431
559039
819135
669631
946114
626627
155587
317381
927685
344007
651208
26568
34764
817100
145359
559062
790487
559063
790488
939996
184285
22494
184286
12256
720866
940005
974824
706538
966638
604144
720890
536570
1
720898
425986
688131
262152
32778
360460
19
720916
98326
163868
819229
30
426014
819230
229412
32808
98347
32813
163887
393263
491572
491573
294975
426048
32833
917570
720967
589896
75
196687
393300
32852
917590
32857
360546
360570
32892
32894
622718
32895
622726
589960
884873
950409
295050
917644
65678
917647
622741
721046
393366
950422
917658
360608
196776
65706
98476
360622
426159
32951
196793
590013
590014
32958
164033
393418
622799
426192
65746
196819
32982
196823
32986
131290
622811
884956
819430
196839
33001
327915
65772
196845
753906
786674
33011
393462
33027
426244
917766
327942
33036
164111
459023
950543
98575
622867
33044
98581
917788
164128
164134
295211
33075
590132
885046
33082
33083
33084
33085
524607
65856
229698
33090
131395
164164
328004
622917
164165
721239
196951
33118
393572
983397
164200
33131
917869
950641
164214
164215
786809
33146
786812
65918
950655
983429
819591
65931
33163
229775
721296
33168
33171
917910
950679
65944
164249
65945
131483
65947
65948
33180
229789
33185
590242
164259
524709
688555
33195
33196
164272
688560
623024
33207
360891
229821
721347
557510
131531
33230
464
623057
33235
33236
164326
33256
33261
66031
492023
819708
590336
33281
492034
518
33289
33295
819735
688664
33305
623132
262694
328233
623148
33324
655917
819758
558
197167
655923
655924
262713
33338
361019
623169
623170
66117
582
819795
197204
819796
33366
229974
590425
688731
426589
33378
590436
623206
295528
33385
33386
33392
626
164469
492161
819842
361090
819843
983688
66185
623241
721547
66196
950935
164507
688797
262814
98983
361129
328362
66219
426668
623283
393913
33466
361147
819899
950972
918207
33472
656070
688838
131788
33488
33490
492245
983769
33499
66271
164578
492269
361200
33521
262905
819961
262906
754427
66302
766
33535
767
33540
66313
262924
262925
164623
164624
33554
33560
492315
33563
688924
852765
656160
262946
33570
164642
688930
787235
197416
525097
164653
656180
66358
787255
590650
983870
951104
164677
328523
164689
295766
33623
983896
66394
66395
33628
33629
862
787295
492388
869
877
33649
459634
689011
33654
33655
951163
754561
918402
33672
230283
164754
590740
131989
590742
590743
230299
623521
33699
936
951
66487
656311
820153
962
426959
164815
164817
33750
361431
590808
328664
989
263142
689127
33768
426988
164848
99313
164851
1015
263164
459775
132098
492550
885772
361489
623635
164884
558111
361503
33823
689184
459810
590889
164915
263222
394296
721979
623688
164939
590924
33868
164942
525391
230479
722000
656467
33880
296024
296026
656476
722014
66658
754791
33900
394352
33904
164983
427131
689279
590975
590977
197762
66697
263306
1164
394384
230544
132245
951447
296092
787613
33953
558242
33960
1197
230576
66738
263346
623797
33973
1206
66744
1213
492733
689345
885959
197835
33995
754895
427220
34004
984279
66779
66780
165085
132318
984287
1248
132323
263400
1257
296175
132339
754932
460024
853240
591098
656637
263424
623875
197893
66824
951560
492815
99602
1299
328994
34084
230692
591142
984360
1325
34097
722227
132411
263495
689480
656714
197967
99664
197968
165202
525653
722262
492894
34143
591204
1380
34149
197991
66919
165224
34153
951663
820592
34162
34163
394612
1398
1404
132477
1410
394626
1411
689539
591236
722308
329094
296327
624012
165263
591249
230802
689555
34199
624023
263577
624027
34205
34206
656798
1445
1446
165288
984490
984497
66998
361910
263616
34243
99787
132563
984534
34263
34272
165347
165351
67047
722423
689657
263678
460286
460289
296452
460293
198151
919048
34314
656907
132624
34322
67090
722453
722454
624153
493087
460324
427561
34350
624176
427574
722486
132675
132678
34382
722512
67161
624218
198235
67167
198248
591465
362091
165483
591469
1646
1651
722547
34423
165496
362111
1664
394884
165517
34446
165518
722574
296593
722579
67221
820888
1695
34464
525985
67239
34472
263849
100016
329397
722616
1721
394938
984762
67265
558790
788166
329417
67273
67274
34509
132814
755408
394964
165590
165591
394973
362207
329440
362211
952041
34538
263915
67307
34544
165618
34548
624374
34561
165636
231181
34575
34576
67344
231189
1820
395040
722720
1824
395041
952101
362279
722729
263977
460588
1838
1842
67378
952117
1849
329531
362301
395071
1857
558914
558918
165702
165704
493387
1868
132941
34639
558930
34646
165719
952152
657241
165723
1885
34659
690019
34660
34661
34664
493417
558955
34669
34670
1902
34671
264049
493433
34685
493438
362368
722825
100236
624524
165773
362385
231316
395157
853913
34717
624542
624544
788386
526243
165796
395178
34732
591795
165819
821186
591810
165836
395213
67533
657359
624593
362449
624594
133076
2006
100310
67543
34776
788442
2012
591839
952291
133092
952292
362469
690161
591861
231415
428030
34816
624644
460805
67592
821263
34832
952344
231448
100381
67614
559134
395296
198688
428064
34849
2082
395298
952355
2083
34859
133171
2102
395320
2108
34882
297027
2116
34889
329801
34892
34899
624727
362586
493659
2143
2144
297058
34916
34917
34918
493676
198764
34925
34926
198768
428147
100470
34939
919676
133244
723070
985218
428165
166024
788619
100494
166030
559246
34961
133266
362651
821404
395423
198815
723103
690338
34986
2225
166067
493748
34996
297142
755899
395453
985280
592065
854210
592067
755907
2243
723143
35017
624845
198861
166093
264399
428240
624849
461010
690388
985309
100576
493792
592098
198882
493802
329977
166138
166139
67837
919806
67840
985345
493830
2318
35087
330001
330002
35091
330003
755988
755989
657685
35096
2328
100638
166176
461090
67876
2342
231721
395565
2353
395573
35131
166205
756036
297284
788806
35143
952658
166227
2395
35163
166238
35166
166239
166240
297313
67943
788841
264553
67946
67956
395649
35201
297345
395650
35205
395654
35220
35229
67998
166305
35235
493987
330147
362919
2473
952748
625069
985521
68020
559541
35254
35258
35261
330185
35276
35280
133587
100819
100821
68057
199129
428507
35293
166365
100830
166367
35301
166373
35305
854506
723442
35315
264693
854518
2552
68091
35331
2571
297494
2586
166427
428571
723497
199210
35372
657965
166447
330288
35377
199224
166457
35386
100922
330304
559682
35399
133707
166486
592470
166493
428638
2656
952930
166499
395875
35428
68196
625255
625256
658028
100975
625263
297583
68208
723568
166516
35444
35453
166527
526976
68224
330369
232074
723596
35477
68246
166551
232094
166560
101028
2726
395946
199339
166572
625324
199342
756401
953012
133814
166590
2751
133832
428746
166603
494284
166608
2772
133846
2777
363225
101084
199389
625375
166626
133869
101109
35577
625407
625418
396044
35601
789275
2846
461600
625445
363301
2854
396071
35627
2859
199467
2860
428857
166718
723778
199492
2885
133961
396106
625492
166742
133975
2905
461657
330586
953180
35677
461662
133982
625507
822116
396132
822118
35689
2927
330611
166776
134009
494462
2948
199556
461705
35721
35725
625554
330643
35732
691094
330647
789423
461744
35761
199606
35769
35773
625598
35778
396232
35788
854988
461774
396240
625619
723926
625624
68568
691173
461802
166891
789484
3057
396274
527347
527348
461812
3062
199672
625659
625662
494591
887810
986117
953350
723974
3082
723979
625681
3090
461855
494629
592934
35878
560167
560168
461876
35895
298044
920637
166982
68678
658503
461897
35915
658507
887883
527436
887886
461902
166995
592982
592983
920663
527448
953436
429154
167012
3183
855157
920698
494716
494717
3198
625797
724111
593042
35988
887959
593052
461981
625822
396447
35999
396448
36005
789677
756913
887986
330930
36030
527552
625860
167116
167117
3277
36047
822479
593112
68827
462047
68833
330977
134376
462067
756980
593140
593141
986367
134401
527617
68866
888069
986381
167184
888084
953632
36130
462114
625955
462117
658727
462126
691506
167219
724276
593207
593208
331069
298307
888136
167241
331089
626004
200021
167256
3418
626016
724321
724322
134499
658791
134503
888171
3438
527733
527734
626044
134525
822656
789889
593284
331140
3465
298386
134552
593311
167328
626081
167329
691621
69033
495019
36269
462256
167345
593330
691636
200121
396734
101823
200131
626117
953801
167372
757204
658908
200157
134622
527839
822758
396775
953832
69099
593391
3575
3594
953870
495118
298514
3613
495139
167466
233003
134709
724547
331332
167502
36434
790100
659031
626263
3675
495195
495203
167530
3697
3699
134772
3702
3703
527994
200316
167548
626311
626314
626315
36496
167576
462499
233125
691878
462505
626346
3760
626359
724663
3769
69305
102075
36540
167622
298694
986828
593614
36564
986840
134873
298714
3802
200415
3808
3809
3810
823017
331501
69363
167675
921339
790277
954124
3859
397075
954134
167708
462629
167718
134956
462642
331571
823092
823093
986935
364344
69438
36671
266049
495426
331588
397129
331598
626533
3949
3953
135026
495481
135043
888712
429975
298904
462749
36770
331682
397218
4010
429998
823215
69551
135091
495542
626616
4024
397240
4025
495549
69565
4030
135103
987072
69575
626632
167880
167881
36812
167884
4044
790476
4045
4046
954319
69584
233425
4052
692181
4057
724954
4062
200672
757729
69601
692209
692210
823287
69627
200699
299005
299006
462849
921601
4099
462858
167947
331788
4109
4114
4118
135191
299034
462874
299037
299038
135200
233505
135201
692259
954406
495657
626733
888880
626736
856113
954426
135250
102483
69717
823392
823393
462949
462951
299111
4206
364654
626799
626804
397435
4223
462980
200838
561291
200843
331918
37009
135328
626854
37033
725161
168107
4272
69809
626869
626877
4299
463053
856270
135377
4314
37082
168156
331996
463070
463071
954608
4338
4340
495863
4344
168188
692478
692480
37128
692494
69902
168207
168208
135443
135445
659736
168218
168221
135459
69928
4392
102696
463154
987442
463157
332087
4413
4418
69955
692548
102727
135495
332107
627023
954712
69978
37210
987484
725343
69987
495974
954728
102764
102767
37237
692602
70012
692606
954761
233868
102798
692623
692632
135578
332191
37283
561572
37284
102821
627109
233899
233900
725423
135603
659897
299451
692670
332223
102849
135619
135621
725462
725466
37342
37343
725471
692710
627182
430574
692724
266740
627190
168439
496125
102912
627202
332303
135701
135708
692776
332330
4660
37432
365112
201273
299578
692795
660032
365120
37446
627277
332369
332370
987732
234069
627291
37471
660063
332385
430691
791141
594536
692842
725611
168555
168567
135802
168585
332426
201356
135823
135837
299678
955042
103074
37545
594606
660147
168630
529091
168646
168647
135879
692936
201422
103118
168654
398032
987857
529105
168663
430811
627422
627423
135907
398051
725735
168680
168682
168683
168689
692977
627449
332538
168703
168718
824085
4885
135957
693013
824087
201499
135964
463661
365358
103229
136002
136003
136004
299849
136016
103252
693078
103255
791384
693090
168803
234340
168805
988009
398191
332657
660337
398195
627572
594804
168828
496510
70530
627586
463747
70532
299914
562060
5011
693141
332696
824218
725915
5022
70559
365472
5026
332711
299947
234415
857008
136122
725946
136123
758715
103357
332738
725957
857037
234452
463829
463833
627676
300001
463841
168931
300013
398317
300014
70638
922607
562168
791547
168959
660479
529407
300041
168969
5130
988174
594961
627734
398369
201765
70697
300074
201771
169019
332865
332866
791627
300111
169040
824400
693336
955486
332896
463969
136293
169064
169070
169073
234612
955511
463993
169085
824446
562313
300170
70796
169119
169121
5284
136366
332988
922814
595136
693441
70849
70850
693443
988355
726215
464075
464076
627917
758996
5332
136408
791773
496865
759019
169195
988400
955638
726262
70904
70909
136448
70917
70919
70921
464142
70931
693526
202009
234779
70940
70946
136487
70951
103719
333098
857391
431408
955703
726328
726329
333114
398651
398652
464189
988478
5440
136515
398662
169292
5458
169299
70998
824664
136541
693599
562532
726373
333172
5494
529782
71033
300423
628108
333197
234895
103825
136596
529813
333209
693665
71078
169384
333226
693675
431532
693677
5553
136626
300467
300476
857536
726469
169414
660934
660943
169423
759247
857556
234967
267736
464347
169438
169439
103905
267750
988649
726514
595447
464381
71170
562692
235024
529940
464404
693781
136726
792092
464415
5667
890408
333374
464452
136779
104012
235091
104030
890464
71270
857705
726636
300652
726637
497262
235120
235125
333430
693881
759425
202370
169602
398979
464515
530051
562820
398989
169616
202398
595615
890538
923308
431791
136880
333502
169667
267972
661189
169669
333514
136921
202462
988895
169699
300775
333547
366316
366317
366318
661230
399089
857848
366329
136955
464640
169737
661257
956179
988949
300829
169757
759592
169768
726825
366381
137008
169784
464697
71483
137026
857927
759624
956234
399184
137040
399185
792404
137049
5995
464751
71538
366450
333691
497532
169854
694147
300932
694151
333708
726925
726929
726930
333716
6037
595866
628637
726946
71586
726947
366500
530344
923560
726952
235436
399277
890799
366520
530362
71613
923589
333765
333774
137180
137182
530399
71651
301031
497639
989168
71665
595955
137209
137210
333819
333820
497662
71680
399361
759811
923652
137229
399373
104474
137244
137248
366627
301094
137254
727083
366644
792633
628794
366654
170049
301132
399437
563278
366674
170067
333907
464990
333922
989283
333936
399480
727163
170107
628863
759936
137346
104579
6276
956556
891023
71827
71828
170133
268438
235677
333981
301217
333985
202914
71849
170153
858292
137398
858294
334006
399546
399547
989374
71871
137407
137408
202948
334028
465107
989404
465117
956644
596197
137452
596218
334085
334093
694547
530708
334111
137510
334126
432438
170295
727351
170296
858426
71998
203072
399684
530757
399694
563538
72022
366936
629082
137563
629085
792930
432482
137571
39268
39271
235879
629095
727400
137576
727401
924018
629108
694649
924032
792961
301457
694675
137621
6550
301462
6552
563608
6554
399774
760231
203175
760232
72105
760233
235952
6585
301501
629182
301507
956870
596423
629192
334288
727522
72165
629231
367087
367093
367094
137725
563709
137728
367106
367122
170519
694815
694816
563744
367137
367138
334371
465445
334375
530985
137771
72235
72236
793135
793137
793140
72247
170552
662075
72251
825919
367168
137807
858706
924243
334424
694876
793185
531045
301681
334450
563828
137849
858749
924290
465539
236164
301706
170634
694929
170656
203428
334502
72359
170664
137897
170666
629419
432819
858804
727743
203458
137924
137929
924367
203472
170707
367316
793301
137944
105176
727768
760539
137968
432881
301811
793333
72439
957178
432890
596732
596733
137982
727807
301827
105221
105222
727820
465684
432917
203547
727840
367395
138025
367401
727850
465719
170807
138041
72520
432971
465743
170841
138085
72551
203625
858989
858990
695150
858991
760687
138098
105331
465779
105334
433020
727932
727933
203653
138117
138128
301968
465809
7063
72606
760737
957348
138149
957351
203694
72623
596919
138170
433084
465853
72641
465860
72645
531405
760781
334798
72655
236506
859098
629729
334817
433126
793578
105462
596984
728056
203772
367612
302077
957438
138247
138251
695307
826384
367638
597024
629792
203809
7215
72753
990258
531510
793655
662587
728125
990271
7235
105543
7241
138313
564311
629848
367713
72807
597098
892015
334964
302196
334970
171130
859259
826499
367750
171142
138378
695435
695436
105613
72848
171161
335004
728223
629931
40107
367796
597179
105661
466111
105664
171201
335047
203981
793807
302292
466134
564439
72919
433368
7385
564456
7400
204008
466152
761065
367855
204017
171249
826611
695541
138492
793859
728328
171272
695562
138506
7435
793869
204055
564511
171307
695598
728370
597300
433460
73013
367929
302397
171328
171329
105799
171340
7503
73043
793941
138583
171357
957795
7528
466285
40326
892299
105882
630173
630178
40358
564649
171434
40375
138680
499128
171461
73160
171467
466381
171476
335317
105942
728539
466395
138717
171487
105955
40420
597482
204275
171507
630261
728565
335350
564726
368125
335364
695812
302598
892423
302600
368141
73234
73235
302611
335380
531989
171543
106007
663064
7706
73243
40478
728612
466473
73262
138802
630323
138804
40500
466489
794180
73284
630347
532046
794196
466516
302676
73303
171608
302683
368221
859741
73311
73312
302689
695910
630387
171637
302711
171643
302716
73341
859773
335501
302738
794267
106140
433821
630431
138915
138916
564909
564910
597696
204481
171713
73410
663241
302793
73418
302803
794324
990937
40665
433888
73450
597752
106232
401144
925435
859903
7937
532229
106248
990985
597771
171790
139022
73486
171796
925467
204575
171810
401187
171811
171813
925492
171829
630585
859962
696122
597824
794432
859968
106305
171845
171852
171861
794457
335707
106332
925538
597858
106342
171884
630643
171897
630652
73596
302975
466816
139137
237444
171908
171910
171914
302987
827276
434063
270223
139154
171927
958360
761753
171929
761754
171930
499618
728994
728996
73653
106423
139193
499649
335813
40901
696264
171976
73676
925647
8144
139221
139222
630749
73697
696295
8170
925682
729076
630776
237562
794619
368636
172030
925695
368642
761859
204808
237578
204812
73741
204814
204816
139282
565272
73754
172058
73757
335904
73763
8231
925737
598070
172088
303161
827450
467003
172094
172095
663615
172096
532546
204867
467011
270411
73804
303182
958545
8275
106580
794712
8281
172121
139363
925799
335983
729201
663671
106616
925823
139401
73868
499859
237717
41111
499864
336025
73881
925854
532641
139433
237739
8364
139436
598192
172210
237753
729275
368829
172223
303297
303299
598215
860362
368845
8409
631008
139492
401645
991479
696567
336120
827644
598268
336126
794882
893187
8464
663829
696602
8476
139548
958750
860448
139558
991530
172330
205101
172337
368946
172338
631091
926011
991549
74046
139586
926019
106824
860499
663894
991574
631126
172377
303451
729443
729444
696678
532839
631143
106856
303467
139631
139632
74098
106873
41337
139643
8578
74116
139656
172427
434574
729488
172434
696722
729501
172449
500130
369060
172452
238004
74169
991680
926146
41411
8644
8645
500167
172492
303569
401880
8664
369113
565721
532960
336358
827879
238059
434668
74221
401904
172535
991738
926203
270843
74236
565759
729599
172544
41473
827905
74241
336391
598537
631306
172560
303634
139795
205334
8730
172572
238109
74269
107038
139809
434723
860707
893476
827946
107052
696879
401985
139844
991814
8778
369227
434764
565839
172624
8785
631384
533081
205403
696923
139869
205415
74350
74359
369278
8831
74371
762501
172678
139910
369310
926370
696995
172718
369327
303804
172734
467647
598720
172739
860867
205510
402122
8913
172756
74459
631519
926433
8935
140007
8936
500459
74479
140021
8951
434937
402170
140029
205566
74495
697089
697090
238341
664327
74514
828178
828179
631574
369432
893721
8986
402211
697126
41768
41769
205610
631601
74549
74550
74551
172855
74558
566079
435009
631617
697154
860997
467784
140107
959311
959312
435030
107350
238425
664411
9052
107357
631648
861026
107369
205673
467822
435054
402289
533364
238452
74612
9081
74620
893821
304017
435090
402322
172954
598938
74651
238492
140189
9122
992162
664483
9123
9134
598959
435121
205746
238515
926647
74680
74681
893881
9145
926652
238525
500670
467903
9153
74689
74692
926668
959437
9171
369621
533462
697306
205787
435165
205795
369640
173035
533483
74735
9206
631798
631800
9208
304123
107519
926721
599047
369672
926729
74768
631830
238624
533543
631847
173097
402475
468011
74797
369711
795698
369723
631869
631872
468037
173133
959566
959567
435281
74839
435288
238681
107609
959577
238682
402523
173156
173157
74861
402543
173168
74867
926836
107638
402553
205945
369785
74874
107643
74878
861312
435337
74893
74894
205969
631953
599187
369813
369814
435353
9371
828573
992426
74934
763065
206009
107721
959689
9418
173260
369869
533717
435414
533719
926936
369880
402651
468198
74985
926960
959739
75005
206082
500995
107788
42254
926993
730392
173339
795938
795947
959789
402735
435514
369980
697666
75076
435533
927069
75102
664927
206182
927079
238953
238954
173435
927112
894352
927121
238996
173461
697754
173468
107933
959905
959906
75171
206244
599471
435635
796086
468407
173496
173500
533954
665027
239049
173517
959950
107984
173526
42455
370135
599512
697833
173549
140783
173552
435698
959987
173560
75263
173573
239111
599560
42507
370190
697871
75281
108050
206355
75284
468500
108075
992812
75309
75310
108080
9787
861758
697923
435782
108103
304714
468556
173644
894548
403030
304738
632422
304745
468587
206444
108141
829041
960117
108152
9848
730746
730747
108156
730762
75404
206483
468630
468631
9879
403097
992924
403106
75427
435885
435886
894639
927417
239289
599739
927421
534208
468679
435916
698061
698070
173783
960217
173786
501468
435934
75488
370404
206565
567019
337644
599793
173810
861941
108279
698116
567047
829195
173836
796428
927504
435990
567065
304934
960297
665386
173874
960306
108340
927541
403260
599887
632655
75605
173909
75606
272219
403299
75624
403306
796525
796527
75633
10098
763762
173949
239491
239499
665486
173967
239504
173969
501652
927638
960409
173978
862115
599978
894892
108462
239537
75697
75698
108468
599994
141245
796609
927686
10185
501706
10189
927695
108502
632792
927717
108518
731110
174056
501749
927734
927735
927738
436223
174081
403458
993283
436228
993284
174094
501779
436248
174107
174108
174112
75808
862241
10275
108582
993319
206890
75820
108589
927791
796721
436279
174135
108600
75835
337981
927806
75841
796743
10315
141389
403537
10328
108636
436318
600160
632929
174180
731239
75883
632940
174188
927854
141428
239738
993407
436352
305285
567445
75933
764073
764077
174255
10420
108725
174263
108728
174264
239801
403643
796867
796868
174277
927942
108750
600274
338136
239832
75993
174305
600295
927978
108782
108783
174323
10484
370932
174329
403710
174336
698625
76037
731403
174348
928013
928018
174356
174357
370972
10533
403755
731435
174386
10547
403764
731445
43328
10568
76114
174429
174439
174440
895339
76140
928111
10608
76147
141688
665977
108926
600451
174472
174474
10636
862612
928148
174488
10652
76203
174513
174523
600507
928194
10694
600521
403913
109004
797135
174543
109012
174552
371162
76251
895452
109024
174567
76264
174574
10736
797173
600567
174588
403965
371199
666117
109061
666120
76297
305674
141835
666127
928286
829983
174624
436777
404017
698930
109106
567861
240182
141880
600639
207424
141890
600643
272965
993873
76370
928341
141912
76386
436838
764523
961141
862845
404101
928393
76428
76434
436885
436886
109221
993960
43701
174776
76477
174789
109262
109278
928479
797408
633581
928505
109310
76547
109321
633612
76561
928530
895771
76575
699169
928555
338732
76594
338748
174911
633671
11100
961378
142190
371570
371573
174971
76672
797579
928651
11148
109456
437144
633754
437148
11168
175008
502701
699311
666544
76723
76724
633789
535492
240583
502727
109515
371660
175054
76752
961498
797664
175082
699373
142317
76790
109562
437251
437253
601095
437261
240660
699414
928792
404514
961578
535607
371773
535614
109630
44095
109632
306240
306256
568402
961622
535638
240729
339036
273506
109675
666732
306288
339059
109688
142457
797818
535676
306306
240775
896139
76940
76941
44179
44185
535711
928928
765088
109728
437409
175273
404649
339124
339125
928952
371899
601283
109764
175310
77007
109780
928981
11479
109784
142552
175334
109801
109809
109810
371958
11525
830730
175372
109839
929047
797979
109855
109856
535842
797992
339243
797996
44332
306478
306481
929073
109875
109876
11575
77111
175419
798016
109894
306504
175432
11595
77137
765274
404831
699745
44386
470379
77164
634225
568692
437622
77177
109952
306564
699785
109966
11664
109969
634259
896405
142751
961951
175523
306596
109993
142768
77235
175551
961987
44493
241105
634323
470489
175580
11743
11744
732640
699884
11758
798192
732660
962042
110087
798216
241161
372239
372246
208412
77340
77341
175646
962083
77359
863792
896573
110148
142918
44616
77393
110161
175699
208469
110173
372323
732773
732780
142959
175733
11902
306822
700038
339591
274057
732814
962192
44689
77458
241301
208533
110233
503450
44700
372387
77479
667309
437939
110262
110267
405182
995019
175826
143058
175827
667348
241369
208602
470746
700126
110307
863973
372461
77560
175864
110331
12028
405246
12030
175872
601861
241414
864009
12058
12083
372540
143167
12100
372549
536390
208711
110410
405323
733012
143189
962390
438104
601949
929637
143205
12146
44918
798583
339833
405372
962439
864140
110491
798619
962461
962462
307105
438178
339882
143276
176046
634799
208818
12211
962485
438206
12224
143306
12235
176080
110546
45013
962517
110552
110553
45027
176103
962537
897004
864237
372717
536561
765938
208893
77821
77824
307204
176133
45064
110602
307210
77847
339991
864283
700447
864292
340006
340007
12332
864301
307248
143415
77882
340029
143432
208968
503883
12367
110677
77911
12379
929885
864353
766050
12388
602212
110705
995445
274549
438390
110715
438399
143487
438406
110730
471179
372875
143500
110732
143510
438424
12444
77987
12452
209061
667818
45226
176299
274606
12464
45237
536757
176309
405694
176329
110795
78034
798935
307415
831706
143579
110812
110813
209128
78056
176366
438515
176371
110841
143611
635132
110844
635133
962817
45323
176395
176396
798989
700689
864531
405782
209178
78110
12575
241955
176424
799017
766251
864556
962870
405814
241976
340284
340285
504132
176460
897357
602448
209233
110940
307548
143718
831847
176491
176503
438650
176517
176521
12685
700822
12694
930204
78238
700834
176554
176557
668079
78257
274866
111031
45496
831929
242111
766409
111049
111059
668115
111060
143830
668120
766429
766435
668133
143849
45547
963057
274941
438781
176637
733694
471553
930307
12813
12814
176661
176663
78361
143897
176666
635418
569891
209456
78398
373311
176704
176709
602698
143947
176717
176723
438887
78442
209517
78446
111218
78451
12916
209527
701056
12930
78485
78486
635548
701084
438942
635552
799394
144037
832165
12970
111275
242352
537267
438966
438974
111295
111299
111300
78538
111307
13009
78548
78549
78554
602854
602855
439031
45822
373505
78599
176909
242450
766743
111385
111386
439066
439067
832287
144165
635691
373554
176946
176950
176955
242494
78665
799562
144205
13137
734037
930655
13156
373616
209782
13177
177027
668549
373639
701326
275346
603033
13213
439199
111524
111534
340915
799679
177090
373703
963541
865237
46043
799719
177133
799725
177136
668656
111608
439293
472065
177154
144391
308239
341015
144409
46106
308260
537637
406566
46120
701482
144431
504879
504881
570422
996406
13367
570426
734267
111678
537669
177234
799830
504919
210019
439395
78950
439399
963689
177261
78958
537718
210040
406655
439423
111748
930957
570511
13458
111762
13459
898196
341142
242839
341144
13466
504986
570524
144541
210082
439461
13486
79023
275635
111797
13493
996534
767161
111802
832701
832702
636098
13508
242885
242901
472285
701664
177376
177381
111849
177391
210159
177392
177393
144632
79099
636160
210181
242950
570630
931081
668939
242955
898319
79120
111891
144663
79128
79130
111905
734497
111906
701745
275767
243001
177475
13646
177487
636243
177492
13654
177495
439642
636259
79204
865637
570730
931180
13676
13677
46448
406896
177520
79220
210301
177536
46469
406926
374163
243094
13720
865689
439708
636317
439712
112044
112046
767408
210354
13747
439732
341431
800190
898495
669122
112073
505303
177625
144859
669151
898528
79333
210406
210407
341479
407017
308725
538105
177659
177661
243199
538111
669187
46597
177671
243214
275983
734736
538131
112152
243239
407080
13881
112192
210503
177738
931404
341587
800353
538220
439920
964208
767601
341622
145016
636537
145024
439937
145026
13956
767650
276131
407203
636581
177836
341676
177837
505521
243388
964290
14018
702146
14019
177861
145098
964303
308944
145105
964305
145106
145110
767705
177883
14044
177888
243425
800486
341736
964336
145143
898816
538369
177921
276232
145160
309003
374539
309004
14095
210704
440081
440085
46873
210718
702239
309029
309030
177960
505645
440111
636720
800562
964405
177974
79675
898878
898879
145217
505672
440144
14170
571229
178015
702307
14180
309101
669558
46979
112522
145291
964492
440204
112533
505750
145303
47003
14235
898974
79774
178081
112548
964516
14250
178102
669622
243649
14278
178126
79824
178128
178133
79833
669664
997351
309224
309225
866284
440301
341997
243696
702448
178160
505844
866297
178173
342022
178183
178185
669707
505876
866324
14357
407577
79897
800800
440355
374820
538660
800807
145458
669747
374838
47161
636997
178245
997446
79943
309319
79945
440396
702545
243798
407647
14442
178285
473200
79987
309365
14456
80001
440449
178306
702598
211087
473231
178324
407707
276639
178336
178345
833706
80075
309455
702680
375005
178398
47343
243955
997627
145667
801033
145676
112914
309526
47385
375066
440605
244000
80162
637222
506153
932141
407853
276783
702775
14649
80186
342330
47423
47433
309580
178513
211281
833876
637268
14677
178525
14690
145763
604517
178535
80231
506220
309628
145792
145793
47494
801159
178569
440716
47504
440721
571794
80277
702871
801184
244131
539045
178598
244139
997805
80303
178609
80306
145857
145863
244176
440785
801233
244178
571864
244186
14811
342495
506344
834032
866805
408060
80381
440832
244225
14853
408074
47631
735760
47632
145936
473617
408085
113174
145945
14873
342554
244252
80412
47645
801309
80415
309792
342561
244267
342573
309806
309813
113208
342587
375357
539198
375366
277064
47692
145996
80464
146013
146014
670303
47711
80482
47722
506475
572018
244340
670332
178813
47746
178819
735875
47752
80520
80521
866962
735891
342680
244379
965276
113309
178847
47782
47786
932524
15027
637620
47804
572093
113343
244420
47823
375515
47840
146149
80614
178919
998129
47868
375549
801534
146175
867080
604936
146192
244497
670488
146202
15131
47905
113444
47920
965429
375614
244544
47937
146251
867149
80718
244560
47954
965461
703327
47969
605027
441189
310119
932712
801646
146287
47984
47986
441207
768887
179064
211833
244602
113531
670588
736131
15235
310149
15246
80784
342928
113559
179095
48028
179102
310179
15272
15273
80813
80816
80820
48059
244668
703428
670660
736197
179142
670662
670666
670667
834511
146387
375763
277465
506848
244708
48101
441328
441329
15362
310276
146453
408603
48155
670747
15389
965663
179246
80945
113715
146486
179256
408634
179258
48188
244799
244803
48201
932941
572495
113743
572496
113745
113746
310369
670821
146536
48235
179309
81011
244855
48248
670843
474239
277631
408705
441481
81033
179339
572557
113807
801936
179345
179346
474258
113818
15530
343210
146608
408754
48311
146615
933052
179390
179394
15554
277698
15562
244966
834795
802030
81143
81144
507128
244986
15613
81150
81153
48392
81161
310540
376076
474381
998678
146710
245017
703771
539933
48418
965926
671015
179496
376105
81209
81210
998717
245055
933184
48449
933185
179522
48452
48453
179526
15687
146761
703823
245074
179543
343390
343391
277858
343401
15723
179564
998767
441718
802170
507259
114045
179581
441732
212357
48523
15758
179601
703890
179602
114066
671123
310682
605594
605595
114076
48543
441767
671146
933292
15792
441782
966076
48573
507325
146882
277954
146886
146889
409036
802253
409038
835029
310742
605661
179685
605670
146921
48624
441841
212472
15870
48656
605712
81431
15895
278040
966171
179739
769564
572958
15905
48675
310823
114215
48682
81451
966188
966189
802351
343601
343602
48692
245301
900661
704053
179771
310843
966204
998974
81472
605764
15948
15949
114254
81489
933457
15966
114279
245359
15984
245360
212597
179839
376448
48768
179841
736898
310917
212618
278155
278158
147088
147089
409236
867990
48791
310935
999064
310939
16027
16032
671395
16038
507560
48809
81583
114359
442049
16067
16069
114375
999114
671435
573136
16085
507606
147164
16097
704227
16100
179942
179943
802538
16109
16110
48879
704240
212721
409331
16122
343804
212733
48899
409360
179990
212761
179994
245534
16158
966438
671526
769837
769838
638771
442167
212792
245563
114493
409406
769855
114495
343873
114497
212804
16196
16214
48982
16226
311143
180072
245612
212852
442229
49018
802682
835451
16255
999298
212875
114578
147347
147352
343961
180128
16292
180139
180145
147380
212921
933822
835520
737216
180161
311243
49100
16334
49102
114638
737232
737234
344022
49111
311255
147417
311260
49121
212962
49123
147429
737255
114668
475118
49142
966647
507907
999434
180235
16408
344094
737313
671781
114736
147510
147511
245815
147515
966717
835649
180290
737349
311366
966728
999501
49235
999507
409686
82019
278627
82021
376940
933998
180336
376948
999540
344181
180342
409719
573567
934017
704649
409740
180367
180368
311460
49319
180391
49320
114860
114864
606384
442549
311477
147638
344251
82109
999615
180415
147650
835779
49355
180431
180432
803029
671958
245977
49375
934112
180449
16609
180461
344303
311540
442619
16655
180501
737557
704790
377115
49442
246050
934180
213285
114982
180518
999724
442668
49457
180530
49461
409909
49464
606521
672058
49471
475455
49476
213316
147785
344394
246091
246092
246093
246094
737615
999772
672092
49502
508254
672100
672101
246124
409964
999801
737657
803198
246142
311683
147846
49545
770441
16781
901519
573847
49560
82330
639394
573860
246187
49584
147889
49585
868791
967095
770493
115134
246211
115141
934345
901581
115151
278992
147924
49633
16868
606693
934375
999916
16880
999930
344573
311809
147976
16905
344586
147984
246293
377371
16926
672289
573987
344616
475699
148020
508468
508469
705082
148029
148032
705094
967243
246351
148050
901715
377429
442980
49775
82554
803454
705152
17025
901764
639635
115349
901794
934564
213674
213678
148144
246453
213690
803516
148157
148162
312013
312015
836305
213715
148181
115422
115423
836321
312033
213733
213734
148198
967399
148199
213737
148202
115437
967418
377596
312068
377605
443150
312078
49940
508695
541465
934684
836386
148265
49964
49965
148277
148278
443191
181049
475968
17221
148297
705353
836428
213843
967508
836438
312152
738154
181101
50030
705392
148343
50049
705413
344966
115598
17297
17306
50078
345000
443305
17324
50099
607167
345025
148420
803783
312273
934878
115680
148450
213987
181222
181225
115696
508912
115698
410611
574461
148489
17423
148499
934937
50205
148509
148510
17441
148513
181284
181285
705573
607273
377912
476219
50235
50239
17483
705617
181332
17494
476246
17495
902231
377948
17505
705634
312427
312428
181356
279662
17519
312431
705647
148594
115827
115828
50293
83066
115834
115835
246913
509058
181381
312459
377997
50322
312477
50335
312479
410785
115874
410786
378019
574627
83108
771238
115879
115881
935089
214194
574642
148659
804023
246968
902331
509116
378049
771266
115907
378052
83146
115916
902349
50386
246996
672982
410840
902362
148699
378078
17639
247018
574700
705779
17658
50432
115969
902405
574727
148751
410897
17684
17701
148774
181543
116010
17711
279855
83249
705848
50491
738622
116034
935245
148820
17749
17750
116058
181596
902498
116070
476522
148849
771445
17783
771447
181623
83320
968056
247160
312702
312703
738689
738690
902531
279940
869768
17802
837019
345503
509346
181678
247217
968115
705972
50614
673212
148927
17865
378316
935375
181716
280021
706007
935388
17888
968167
837101
771573
181750
542198
17913
902650
345596
116220
181759
804364
771596
771598
378387
935450
411166
378400
673314
83491
706085
771624
345643
345644
935468
575027
149061
345670
804423
17991
771661
247373
345687
935524
706154
18031
378488
116350
181889
509570
149129
116371
870039
968351
214689
411298
116387
18085
181926
181938
902850
673475
116423
837324
18142
575199
18160
968439
182007
182017
18177
116483
116484
83716
575241
542474
608010
608011
18188
771853
345877
149271
313112
968477
116525
116526
116531
902968
345914
149308
411456
247621
18253
247638
804704
83809
116578
18281
149353
935805
116617
706447
247698
149406
313251
149418
608175
870319
706482
804796
18365
149443
116680
51145
739275
346059
935890
313300
968667
51164
346080
149473
18406
739323
575487
444420
608264
182281
116748
739341
149523
706593
313381
116774
18475
968758
182328
313401
51260
837706
116810
116818
936021
18518
116828
149601
18536
936044
18543
149620
575606
936063
215174
706701
903309
936078
116890
706714
575643
18589
116893
18590
18591
116904
411820
411821
182446
575663
706738
575676
116942
182486
706785
215268
215279
346352
575729
706813
18693
411911
968972
18702
968974
575760
149776
18707
313620
215328
117033
117036
182572
444720
117046
149820
182600
805194
18765
936271
149842
936276
18776
346466
313705
149865
706926
903535
706927
313716
117112
18808
936315
346495
543103
805257
313739
280976
149916
608669
575911
379304
346540
936367
18882
117186
707011
215498
608719
674261
313817
313818
739802
117214
707038
281055
444896
281060
281061
18919
117228
936434
117237
707061
346617
346624
281094
805383
51720
412168
51726
18970
248347
18972
313887
182818
510500
510501
838191
51767
346690
346691
182861
150100
805473
871010
510568
313963
576111
346737
346738
117362
346740
346741
445057
150147
19081
51850
608909
19097
248473
117402
19107
19108
19110
19112
19113
903858
346803
150196
281271
740025
248508
805567
674496
19138
707267
346821
182983
150229
314073
314074
248540
19167
150240
183016
510702
379634
805619
903929
51961
19195
117499
936699
576252
183041
183042
19221
346901
19222
150296
117529
346906
183068
707356
117534
936738
674595
183078
346919
314151
477995
609071
117551
576306
183100
936766
346943
379713
19265
871234
346948
19272
183118
346963
510804
19286
117592
19288
117593
117596
936797
936799
936800
936803
150375
117620
707444
150389
838519
248697
248698
412554
740243
936853
150421
183190
314265
117659
445343
19360
19361
936865
183209
445357
183220
936892
117696
871366
347085
936916
150485
707542
904160
707555
412643
936941
19438
805872
314356
478198
314360
805886
150526
150540
150543
248849
150562
805925
969768
117805
314416
969778
412735
281664
19521
609348
183368
248907
183374
117846
674907
773213
707683
511075
347235
183402
347247
642160
85120
347268
117892
19592
674956
183438
707727
412817
838801
543892
511133
19614
937119
478368
478369
216226
248996
806055
19625
52393
117931
904366
249009
347314
347315
347327
150726
183504
707794
740564
183509
85209
281822
543966
150754
576744
347373
904433
314613
118006
314614
19705
118014
675074
281859
85254
52486
609543
118028
347412
871703
183575
19736
150809
150812
150813
314669
937267
707891
118067
150838
150850
937290
118090
19789
19790
19796
511336
19821
707953
970098
970099
183668
642422
183672
281977
19839
314757
839055
675219
118163
314775
183706
937374
118176
183713
183714
904613
183718
839082
937388
970157
380351
314816
740801
118210
183747
118211
773571
183754
19915
413138
970203
249312
314849
151010
314854
708071
708072
806377
19956
118263
937466
183803
19964
314882
970243
151046
151048
708107
151069
20001
937507
118310
675373
118328
904763
183872
20033
20034
20035
183879
314954
544332
118349
380493
151120
20050
20058
20060
446051
216677
740969
249451
118382
937583
20079
347760
183921
970356
511609
20089
970364
413309
839295
216706
446084
20102
741004
872076
380559
413329
183955
904855
413344
937633
216737
315058
20146
904893
544450
904906
675534
20174
85713
282322
872147
85715
184021
937689
937690
347867
118492
970463
118503
806634
151288
315128
216836
937742
249616
282387
839445
184091
20254
479006
20259
20260
577321
577322
20268
118573
118577
544565
20277
708412
118601
970575
970581
315224
479067
118622
479073
577379
118627
118628
577382
446318
937840
937841
118641
577397
937851
20347
184187
20348
184188
315261
708480
348041
413585
806801
872338
970647
675737
216987
937886
118688
118690
348066
577447
282536
577449
118699
774060
20403
348097
85953
282562
184273
675795
282583
511960
970714
53213
249821
544733
446432
577507
479204
20453
348134
184296
937965
380914
937976
118776
249850
380923
118780
577532
118783
348159
118784
544772
217092
806917
151563
741394
315410
479251
741397
20507
53279
282656
708642
741413
20521
184363
118830
413750
118839
20538
184378
20539
184379
282688
20552
348242
741463
20571
675932
86115
118884
315497
217195
217197
970867
184438
20599
249976
938106
479357
413827
20613
86154
970891
807054
577680
348305
20626
184474
348315
118945
938147
970916
184494
20657
315569
577717
250038
970937
741562
741563
217280
20692
282837
381142
184537
184541
119005
938211
20712
577770
577771
938220
184558
970993
184566
282870
970999
807170
184579
20750
741651
53544
479528
545064
676143
151855
774459
446783
872770
282948
545093
905547
151884
217421
217422
938327
86361
217434
119134
414054
86378
676204
414076
348543
938369
938371
938372
577928
971151
577939
709018
414109
184734
20901
610726
577963
414126
184754
676275
184756
151994
872892
774592
184770
119235
315849
119246
20961
381409
446951
676327
184814
184815
676349
381439
20998
184848
905747
119319
905756
119326
86562
578083
315941
184886
21049
741947
250431
414273
53826
479817
184907
971339
676427
741966
971345
348753
119382
152154
119391
119401
86640
938610
512630
152190
184960
873090
578182
840332
21133
938638
709263
152213
119451
938653
414365
217757
938654
938655
185005
119472
185009
774837
119499
971468
316111
348883
119515
185054
217823
250602
938732
21230
86767
250607
316145
152306
152307
512766
119550
54021
643851
119569
316180
938780
21279
185124
185136
316209
185142
512826
480066
971589
316243
119636
447321
938854
217964
480108
381805
185200
185204
185207
971648
447361
349058
480133
906119
316298
218004
512919
840604
349088
414634
250800
480178
906164
873397
185291
381900
316370
119763
316371
119767
938968
152538
480218
119771
21471
381923
971748
414697
447465
349170
971764
611318
21498
775174
21511
939018
939019
87062
119831
414744
480281
119833
906273
906274
185380
971813
119845
21558
382008
87099
414779
119873
873540
873541
578629
185419
873548
513101
87120
119891
414805
119894
185431
283735
939097
545889
939112
971889
119923
119928
21632
21635
971907
316550
21638
185479
185480
119948
21645
185485
873618
21652
185493
349340
382112
545957
185509
545958
545959
251054
87216
119985
382132
185528
447672
939199
939200
316608
120002
316613
21702
185545
578761
21706
349386
873676
906446
906449
513235
185563
971997
349422
120048
152816
251122
546035
251126
677111
742650
939258
382208
578817
21764
21765
840967
611592
120076
316698
677148
218397
185633
283940
120102
152870
972073
382254
578867
21814
120119
21816
578876
972096
185666
939333
21832
349516
415053
972111
185683
578900
185684
677204
677205
677206
677207
21856
775524
21870
710003
21880
578940
152962
939398
546184
546185
21901
382357
939419
152988
775582
152993
349610
972203
972210
677301
841142
841145
611771
513477
120263
415175
316885
218588
87516
120286
644576
775650
710116
316902
939495
447977
972267
185838
447984
316913
22009
185854
218637
218638
448019
153108
153109
415254
579094
87575
316953
579097
54819
579112
677422
316979
120374
185916
316992
611905
644673
251457
349767
579151
972372
284246
153176
939612
743006
382562
87654
579175
185966
349808
251507
251508
251509
448119
349824
120448
382592
317058
120451
710276
939656
677515
251535
906898
349843
186004
513685
186010
808606
317089
874168
349880
874169
349882
22211
382661
972486
251592
939723
349900
939728
710360
349930
186108
546557
382720
677637
939785
972553
448266
55054
743186
972571
186139
907036
120606
87840
349988
939814
153386
612142
22319
218929
644922
317249
317250
120642
284488
120649
874316
972633
939869
644959
743263
612194
317286
939880
22379
513901
644978
743282
120691
874358
644987
644989
186241
22402
22403
808838
513928
939912
186249
382862
350095
513937
120726
120727
55197
284577
939946
55211
55212
743345
87988
448438
22457
22458
87996
448446
55233
776130
317378
612303
317392
317393
317394
22482
55257
22490
22491
939997
972769
219106
317414
907251
88054
874486
841720
55293
317446
284683
251916
415762
448532
22550
841754
22564
88102
186408
120872
415784
579627
612397
153654
940087
710719
251968
251969
415819
972875
940108
251987
612437
743510
120921
120923
219227
120925
153696
743525
940139
22642
940149
350326
22650
841856
153728
88203
710796
907405
186511
481432
153756
874653
350369
841892
940199
121000
579753
841898
22704
481456
121009
874685
448702
252113
612563
121045
121046
579798
874723
809187
317669
940264
219372
940272
481520
22784
710914
579844
22790
55559
121099
579854
579860
88341
317729
383279
55607
153913
907580
907581
317764
874820
284996
678213
416073
186702
940370
940371
153940
285019
448860
383335
973161
678256
383349
383355
547196
383356
252285
121216
711045
711046
219533
252310
317846
645532
383392
186802
121267
612792
121274
580030
154051
154053
580038
121289
88521
383434
580042
547280
22999
154074
285147
88542
874974
383457
809450
580077
285167
547314
317941
875003
711164
154113
154115
875025
875026
449044
154140
580125
23073
121378
875045
219686
612913
547377
612916
121401
547386
711237
154190
711254
252504
285284
55908
940644
154213
285285
481894
121449
514668
744045
187001
776828
318078
88707
88708
318089
383625
154258
88742
154284
285359
187055
907953
23223
154296
285371
580284
285374
285375
907968
56002
121545
121556
23256
875226
776929
613095
88809
121578
252651
383729
842482
514805
121592
187132
842496
580365
252685
23311
187164
23327
580398
121648
121649
252722
711476
154427
940863
23372
744268
711501
23377
908113
613203
383828
154459
121699
744293
875371
23404
56176
23409
744305
187250
678770
613235
154483
56179
154489
252794
646017
252804
121732
318344
252815
318351
580495
482202
220063
711585
449444
580521
678831
842673
154548
252859
154559
711618
908232
711624
89040
154578
908260
121830
56303
89077
973814
318455
154624
154625
285697
875528
285709
678935
646176
384032
875555
482340
318509
318512
89137
515122
384056
875580
351299
285765
973899
941131
875604
89182
384096
646241
318569
187500
679022
613487
547970
679048
187531
973964
580757
679066
89252
679083
154796
449710
908463
187569
187570
875702
23756
777432
285917
154866
285948
318722
580868
580869
318728
974096
810256
679185
154900
318745
154906
154907
154909
318754
23853
154926
384305
908603
777533
318786
154947
318789
318790
384331
286036
286040
548186
56674
220522
744814
122223
384371
318841
810364
875913
187786
89482
613780
449940
581013
548245
220568
810393
155035
449949
482720
253349
318886
318890
449975
253371
581056
155076
646602
155086
679385
450013
155101
155102
220640
318955
318960
318961
876018
843251
777719
89593
318977
155138
712199
286221
56851
941588
548373
843293
56863
646704
548403
351795
548404
384565
712247
286273
908875
319052
515660
286320
319090
286326
614009
679546
155269
843397
253582
319123
56980
155296
24234
482991
89776
220850
155323
483015
614087
450249
286415
417488
417492
286423
515803
351965
384738
286442
581361
581364
483061
614139
614140
581374
515854
352024
909084
417567
712482
581415
581419
646955
548664
417593
286521
745274
220989
188229
57160
155468
24402
646997
417636
679781
417638
909160
122729
57195
122734
155511
843647
89992
417676
352143
90001
221074
679826
122779
516002
319397
384936
450476
188334
24500
909237
221112
974784
155586
483276
188366
614352
319449
483289
942044
450525
188385
188386
352226
319460
155622
647148
90098
483320
155640
221177
221182
122879
909311
221192
614416
253970
57365
942101
188439
778265
679964
221216
417827
679996
712764
712767
319556
614469
155720
712781
450640
712786
909395
417886
385119
352360
712816
974964
254076
221311
942219
286862
549007
974996
123033
417951
843938
286886
549031
155816
417960
745645
614574
745655
483515
975040
614594
876742
549063
843975
549073
745682
680148
712929
680168
844011
123117
549103
90351
24816
680178
352498
549114
549126
352519
942344
418056
319753
385290
319758
680214
581913
352537
24859
385311
549155
680234
614706
581941
123189
549179
483653
975186
24916
319830
975211
680301
123248
549233
713075
90492
287109
352648
418187
418192
221589
57752
483740
25000
57774
844213
582081
549314
90577
549329
156114
385494
221672
811496
221673
287210
352751
221684
254461
156160
156161
844293
25093
123401
123404
320012
582165
156182
385559
320028
975399
254513
156210
549434
385598
352831
221766
221768
680533
123480
189019
778847
582240
549481
90731
254575
713329
713333
385654
451194
320123
189056
320128
156294
25223
156299
942744
287393
844452
844453
25259
320172
844464
254642
320178
123571
25278
385727
156355
942787
418501
746181
221896
221897
156362
25300
90847
254689
942820
647915
942830
582385
778995
156405
189174
25340
25341
549632
910090
418584
221979
90909
221982
156448
123681
156449
910113
844579
221987
189222
287530
287532
418609
680760
254777
975674
25403
123713
385864
844620
156507
582491
582496
156513
484194
90981
25449
90990
975727
844660
418683
582525
58239
320383
779142
189318
287624
156553
648079
222096
287640
385952
680864
222114
975779
287652
287653
287654
222129
418740
287672
156602
680898
582595
385990
58311
156616
156617
25547
975820
25560
451549
746462
451561
91115
549873
549874
25592
746488
386042
222210
123910
386055
451594
156682
386066
189461
254998
713753
25626
386077
975908
975909
287784
189491
746548
582715
353343
844863
549954
91203
648261
910410
189515
25683
648292
222309
222310
681068
648303
418930
451700
320629
550027
189582
189583
582813
418973
222368
222373
812198
91306
353456
25776
550072
189626
287932
124092
287933
58560
451778
156867
615623
25809
320729
419033
320735
58592
943337
189676
189681
91377
25844
91383
681208
681223
615691
255251
648468
189716
550167
25880
156956
255264
877870
255287
451898
451899
812349
124225
550223
550226
157019
157024
25958
91494
583017
189803
845169
255346
288115
91512
648571
976253
583042
583046
779655
484745
779660
320909
25998
189839
288144
91541
550296
550297
157086
550302
124319
288162
714149
288165
812457
26031
550336
386499
222662
124360
976333
320973
746960
157140
648660
91609
58844
124386
615912
550376
878060
714223
976367
288241
615921
26100
157172
26101
714232
681464
747003
583164
681468
583165
189951
222730
747020
550421
157211
353819
353820
26144
91682
26149
550437
943656
517674
747058
26166
386619
190012
288323
583236
812620
124493
124494
91730
681560
386649
353885
157287
91762
681589
353911
386681
681594
386693
648843
386699
648844
157329
976529
550547
222870
190107
550558
255646
288414
222878
550559
26271
222879
26272
550560
124582
878247
452264
353965
26287
124593
157365
747191
353978
124607
714433
222916
812742
878282
550610
976595
288467
747222
747223
485084
26337
26338
222952
288498
190195
648948
354044
157445
190215
386827
255756
714508
190221
26382
976656
124689
124691
26389
878359
124696
616225
616233
485166
976689
747317
157502
223039
550723
190278
190279
649034
649038
943951
354130
124755
452440
943963
190301
485217
92005
124783
845680
26487
419704
583550
26497
92040
321420
190354
878487
26524
255900
550815
124837
386984
550826
386992
419760
26545
550833
223156
288695
583613
616383
583635
387033
419802
26586
419803
26605
550901
124918
976889
92156
387069
92158
681990
223240
550922
59403
124944
387089
157721
550948
976936
157740
485421
649265
944178
649266
223289
649273
616505
59452
714814
649288
125002
125003
780364
813139
550997
125016
125017
551003
813147
649308
26724
288870
125032
125045
977018
125055
157826
387204
26757
878726
977038
59539
452757
223384
419995
714909
551080
26795
157868
387252
551094
387258
125116
125118
944319
157890
92358
747718
813256
649417
26825
125131
551119
846032
878802
551123
682202
518371
92388
256234
387310
354542
813297
682233
289018
26876
452867
157955
59657
551181
780558
715025
321812
157974
26911
551212
387375
813362
682294
387386
551230
977218
551235
452932
747845
125253
92490
92497
354642
649556
649557
387414
649559
321887
125281
26978
289124
551269
387430
256358
59750
125287
125297
813430
27007
551295
92545
944524
289172
420245
256414
125343
911778
616870
944552
321962
354737
813490
289205
616888
354744
289209
59835
682431
879039
125382
92622
92629
27103
485863
92648
289257
289258
59885
616946
158197
27133
59910
649736
485899
485900
813601
27169
420389
289320
879145
125482
27178
125484
682551
387651
27205
944717
387665
387666
354903
27232
27233
453228
649846
879222
387710
780932
92807
354956
354958
256654
977554
551574
617130
682679
355012
387786
322252
944850
60127
125665
27378
125683
27392
846594
813826
846599
125706
125707
60183
912155
355103
158496
27424
224033
584490
92971
355115
650028
224054
715575
158526
584515
879427
27462
944966
486215
27470
289615
289620
387927
289625
551772
355165
682846
486242
224100
846695
879470
27504
387956
781175
813946
93054
289665
650115
27531
682891
256912
879505
486297
125850
650143
551842
322468
748454
224171
355269
355270
388042
289739
879565
388050
388053
584668
617439
289760
781284
289766
846822
388080
617463
879614
158720
551936
289794
289799
388104
748579
486440
322603
322604
617521
912434
453684
519230
519235
322630
715849
289870
257104
93277
60524
650356
27766
322679
60538
27780
126085
388232
27788
846991
289949
388259
60581
60582
27820
126125
27821
60589
552114
126139
486587
126140
748741
93398
158936
257242
388315
27869
748776
191722
60656
355575
355576
355577
781561
388348
93437
27903
27911
716042
388371
93459
847123
519447
159008
126243
388390
93479
945448
159017
60730
126267
388416
126275
126276
355655
27976
716105
257353
519503
388431
486754
60780
847217
388476
290173
257406
650626
945540
650631
224649
552331
847250
28051
486804
650652
290206
28062
60832
486817
126369
159140
60843
60844
355759
945584
60855
552399
28116
290260
93659
191966
126433
454124
781806
716272
60912
257522
28152
716280
355837
388607
683524
355844
93701
814605
93714
28181
257566
28197
683562
28208
257594
224837
323157
290395
61021
28255
192095
192096
454240
585348
290447
28303
519824
126617
355997
224931
93862
28331
552641
126658
126659
126668
28367
224977
93910
650967
487131
224989
913119
552674
126692
749289
159466
126706
61171
585464
290572
126739
782100
945942
683798
290584
945954
126760
945968
388915
159547
192319
257866
290637
126798
782160
683878
28519
61295
126832
552824
552825
487297
552833
814979
290696
290697
389004
61325
552848
389010
290708
290712
290713
290714
454555
28573
356275
913340
552897
552898
290760
389068
946127
192472
520160
290784
520163
94188
552946
847860
520203
225293
61454
815123
552980
258069
323613
192548
28711
847918
553007
651314
61494
127037
520261
421961
782412
749647
28763
28768
28778
28780
389231
847984
28786
127093
61558
290940
192638
127107
28806
946316
258193
127122
28820
684184
651428
28837
979112
192680
192681
520364
127153
389297
946354
127154
192697
61636
127181
127182
159958
651482
291042
159971
651493
291053
127214
487667
880886
28921
389376
225536
553217
585990
585991
553226
127245
717069
28942
258318
422158
389395
651547
61729
127266
946481
913725
979265
848200
946508
749901
422221
61776
586075
61799
356712
160106
94575
225650
979315
291187
61815
127356
913800
29066
61851
61854
127390
291232
717217
127395
913828
127396
913832
717229
782767
61872
127419
782781
782786
848327
61901
979408
750034
29141
881110
225751
94684
61918
553438
193008
61948
356861
651777
127495
586253
61971
455190
29214
455199
324127
455200
946724
324132
29226
258603
127535
553527
127545
29247
291404
29267
356952
946777
193117
193119
717408
553573
62060
94834
62073
193153
520833
356993
29317
946823
357002
717453
586386
619161
651937
389796
389799
619176
94892
160430
881329
946876
225981
422589
29376
750273
29382
586438
160455
258767
783063
979675
94947
226024
291562
127725
127730
815860
29430
979711
193280
422658
455429
520967
258829
652046
160529
324378
95006
586528
160549
553769
455465
29482
62253
226094
717614
357166
979760
160560
160561
29494
160581
127823
389975
684888
324442
684892
127837
717663
127839
783206
652137
783213
95088
783217
29557
521078
226169
914297
193403
422783
586624
652164
324494
717712
29590
455580
455581
848798
979872
652199
357303
259001
95170
62403
652228
816069
193482
29644
881615
553937
455633
521172
619478
455640
586719
521192
62445
62447
62452
914423
193530
521212
357378
324616
979977
521227
979980
128020
357401
717850
324636
324647
29744
128048
717873
128064
29764
750676
816213
750680
62561
980065
324705
750693
783461
488554
128128
128135
521354
750733
554126
324752
849043
324755
652447
619683
193700
750758
193705
521390
128175
849080
29885
128194
128195
62661
128198
783559
128204
980182
193753
652507
95453
95454
324830
95457
259300
750822
750825
128237
390381
652531
914676
718074
324860
652553
193801
128267
488716
128272
849170
161042
161043
161045
128278
521500
521501
750877
947489
980262
980264
980265
128305
849201
128306
455987
128313
718146
456004
980294
849226
128333
292180
718176
652641
128354
161123
128367
619894
128392
718223
128401
161171
750996
718232
980379
849309
751005
95662
914864
587190
718263
914872
751035
652737
980427
193999
521680
259537
357845
521685
128470
95724
128494
390640
128500
357880
62972
652809
226826
161291
128527
783888
620048
128532
554518
554519
161304
63001
194074
325148
652831
783903
652832
849441
652833
63010
161318
751142
620073
521772
63021
423475
95797
63043
194116
128583
915023
980562
194130
456291
194151
325233
980597
63093
259704
587386
63100
456318
456319
161416
325257
161417
325263
620182
423591
751290
30397
980672
751296
718529
947907
587460
128712
751304
161485
259797
194266
390878
95973
63207
980725
784120
63235
63236
423685
63244
128785
128786
96019
915223
96030
96031
128808
948010
325422
227127
718648
96057
96058
325434
423738
325435
161595
325437
784190
63298
96067
259908
161605
456519
128841
128842
456523
391000
128864
128865
194403
96105
456562
194424
128891
358268
128893
784256
96132
96135
325511
128906
128907
96139
128910
30609
817047
489374
751523
30629
456613
161712
620469
817078
456632
849860
358344
391112
194506
260049
96213
948192
718820
128997
129002
980970
522219
63469
456685
63475
718842
96255
358402
718851
96261
194567
620557
686095
325649
30751
817191
260141
849965
456750
555054
260145
292913
161843
129077
129078
358457
456762
751681
30802
620626
620627
391256
96347
129120
30819
522339
948326
456811
30829
194670
981106
63605
260216
63609
96394
751758
96399
63634
63641
161947
161949
358557
30878
161951
456867
456868
30887
522413
522419
456884
30903
63681
96456
260300
63693
30933
63704
325849
456921
522464
456931
391395
129252
260325
96485
63718
325864
456940
162034
588019
751861
391415
194810
620802
620807
129288
391433
30986
30992
30994
31001
391461
882988
31031
96570
489787
457022
686399
751935
457027
457028
260422
162125
162126
260434
686421
620888
457050
522593
194915
96617
784747
63853
457078
260475
129406
588161
817549
129427
817555
653715
948629
489878
31131
948636
358814
129448
686508
653744
391601
129464
129465
588220
162239
96707
981457
981458
63956
31189
96726
31192
129497
31195
63971
621036
326126
195058
686580
522742
621056
129537
129538
915975
96779
391691
96780
129549
96787
424468
358936
195108
490022
96808
981554
162355
129592
195133
752191
981570
555588
457285
752198
129607
129608
31313
817753
96859
555613
195168
752224
457313
326241
457314
588387
359013
686697
31340
359025
326260
817782
817783
195193
31361
162433
96899
162436
129686
817814
752278
817815
457367
31386
195228
31400
457384
195241
817842
621236
129722
129723
817851
260796
31420
31421
817853
621253
883400
817871
64211
96988
719583
64224
64234
31476
424692
64252
31487
883455
97026
97027
490243
97028
64265
326410
31500
31510
359194
97050
359195
260893
457506
64292
64293
424741
424742
817968
64305
654130
64306
228147
64307
981820
621377
883523
162632
949065
64336
31573
752469
424789
621403
97118
31604
31609
129916
949119
31616
31617
31622
31623
129930
490383
162707
457631
129956
31652
359333
31655
162727
64424
457640
654255
687031
392121
195513
326590
981952
424897
31682
31683
654276
588742
31698
359379
326612
97244
752619
64493
31726
752625
162801
752629
752630
162818
31749
982022
261128
31765
326679
818201
719898
97311
31775
31778
31779
162851
457764
359465
64554
982059
64556
490540
818226
261175
228415
64576
621635
687175
31822
261201
130134
31831
31835
425051
31840
130146
752740
326756
359524
261222
64616
425068
490609
851064
195705
457850
31867
359555
31877
31879
916617
195733
228502
883863
31898
31902
130211
687271
64682
31916
621742
64692
31927
359607
130231
64696
294073
261309
392383
720064
130244
949444
687300
687301
752839
31947
195790
752851
589016
621788
163039
31968
97504
556259
130280
392424
425195
31980
130284
621813
294135
130296
490749
589056
785666
589061
916747
32018
32019
621844
687381
163094
97564
261415
884007
97579
687406
785712
32049
195896
589112
425278
130374
130375
130377
195918
32080
949584
949585
425299
785751
589143
425304
589144
687451
294238
884063
294250
228716
32111
589168
32112
64887
64888
654713
687483
64891
949627
425340
851326
130431
32127
589183
64897
818571
130444
359822
130447
130448
64926
720286
32174
425393
163250
425395
294324
130486
32185
327101
196029
327103
64962
196038
196042
359886
130512
130521
589279
720354
196067
327144
32232
327146
982515
589300
589301
97783
687609
32251
32252
720387
884228
32262
32272
523792
425494
425495
32279
65056
491041
65058
130596
687654
392751
294449
65078
196151
163383
97847
359996
163390
32319
753216
65090
523845
130636
786002
949843
360022
228955
360029
360030
32350
65123
130676
65141
97924
687748
32393
163467
622224
130705
589459
229012
32406
32407
556702
229023
982689
196257
491182
32431
32432
163506
32435
32437
163509
425653
687798
32439
130743
622264
97986
32450
97988
65227
163534
130779
360156
229089
163554
32482
163555
491235
196325
589546
32496
98034
32499
32500
687861
32503
622327
98047
917248
687873
589571
589576
98058
163608
196377
753440
130858
622378
425770
950065
32562
65334
32569
884538
950074
196415
163647
65347
294731
786251
393038
32590
393040
687955
491352
32602
294747
819037
32609
32611
196455
327532
720748
32627
32632
65401
65406
393088
196484
32648
32657
884633
32668
229280
491424
458661
622504
65451
786348
294829
262064
163767
65467
229314
65476
98253
950221
163790
32723
32727
491481
32729
819162
32730
393182
327648
131043
32739
950245
622567
327656
589806
851951
720888
196601
720892
720893
