3000
123742
435464
357435
124761
559311
967343
289857
334029
123065
838520
123741
124347
154491
154617
129466
487859
167941
108664
619997
125411
549029
126138
844719
125741
628841
154490
156370
49506
932894
504330
123912
386774
953454
578106
725167
549222
126758
937312
983418
348651
841829
980651
466523
162640
952464
918245
797238
976937
333149
612535
986936
742002
435105
754949
243349
125848
183266
943336
435457
399191
708022
388236
263496
35663
878393
732061
166502
148945
936224
125640
936591
887208
246866
133007
126315
691849
31959
17938
319287
966165
718759
122815
957793
17970
623616
427243
948643
425098
620844
958117
426420
904290
939066
589866
711789
945882
623147
259346
943326
885573
571131
398386
139478
630915
609915
165486
933682
889819
395109
927685
716510
393366
111877
559062
334006
788511
830834
496840
728128
717097
717049
614766
29576
536570
389220
724824
119147
933046
937243
627846
627860
933799
797723
11434
784414
5163
289619
800369
183315
249785
827030
280355
566383
435517
718162
419639
543283
945481
712615
170758
749380
74163
95835
664070
924878
173873
624270
72105
560219
543219
522078
464409
629192
308135
930433
770754
175407
549359
748397
716433
279082
807785
748193
371420
278744
279356
548521
495828
671857
292169
535022
421011
236863
358802
322138
866737
724160
442267
938920
565610
170076
891908
336470
918545
155386
10317
247071
418792
945883
986973
955531
278729
279955
728566
421079
511892
512012
259881
302143
689997
711949
169528
947449
801311
559387
424312
16618
764616
390776
201328
595638
99745
265606
16439
848558
306296
492783
201118
265396
561274
988453
185789
679546
223218
629123
628584
628248
868610
465642
466394
297307
391453
217914
396533
885815
826988
105025
337027
59773
152427
278717
534926
151174
526223
615832
491438
364790
364660
821595
208379
475114
771957
632994
291979
64101
514619
814403
717127
69173
70085
724669
559788
720672
957604
342814
365437
439313
321539
321507
10487
918783
29924
559733
202541
371380
20403
176295
208287
725057
103826
98185
121953
736733
653177
987302
935757
175054
390014
806530
440390
295766
196377
256827
254878
126391
154808
934952
149480
364021
364563
363724
822600
789023
699646
694517
601810
892453
707517
6707
927748
4272
222729
61969
950071
696627
131141
869342
116079
181963
181860
11633
468403
736313
930719
727929
352902
634783
204740
269018
736242
632378
503266
46150
379937
474658
807956
21556
8307
854607
254667
4867
678598
4773
5214
3206
8409
920292
106343
124910
38762
519599
189638
972798
7024
989211
704820
789788
859935
287530
965442
973814
74092
339510
103857
37601
290912
344793
351987
174823
780128
344883
795200
413930
162632
69768
394499
770374
694617
353210
336721
340182
336943
340296
714059
44394
905839
516553
314339
656070
112794
416682
8371
191068
541379
768461
190782
667219
991462
904003
706524
890961
774759
593521
141642
901301
459759
422291
302395
62546
592055
927926
313445
624885
868268
827202
835946
836785
103962
446512
757418
673996
6316
672413
6648
673464
673597
768366
910726
217060
227375
659104
529299
364064
729920
227485
432257
826585
476878
6585
439991
51061
55378
476485
703186
550657
509972
696359
696382
114693
192238
943075
632498
869299
764944
468874
375198
946114
56535
754927
700418
795787
541418
307868
188181
475138
5155
762493
306773
598735
802754
284246
583177
215391
381782
990763
517176
372574
730249
709057
988313
134385
504085
924604
135281
903700
77375
68687
157955
489234
216219
216264
91276
145359
49063
114829
38268
499352
339334
354563
939647
694745
252684
461819
942656
296168
949077
520017
499943
715823
184103
378053
174004
413780
574908
936724
435533
753679
389863
131824
368334
512919
105882
725962
589865
234901
688022
513558
771202
38712
127061
843975
63633
569679
966478
70657
185
614302
400300
289525
31869
177136
763294
523081
867760
728728
879945
748199
880057
15233
881078
686448
792708
550546
36558
291627
333275
348441
402858
504091
145185
869142
869153
128584
16674
713854
610011
28194
610125
856745
856427
566911
310793
804327
610849
239830
504986
595287
306300
567110
676146
519785
420152
677652
129488
251021
541996
199728
278544
134642
226829
298561
643974
150053
462282
541964
331328
307470
946422
778995
738997
352981
684346
935890
844561
240762
285475
185836
507975
508771
806653
806918
115069
106719
65151
401327
398352
378240
683931
831273
173296
689489
156280
806655
996806
33037
560812
165091
485970
553260
105048
2942
152292
709644
377175
944736
951070
952880
433141
225251
932534
932229
224792
72408
524023
224902
732207
403951
110613
793848
749261
842834
141856
239382
844424
361950
221339
14218
875747
222238
600499
722642
882961
16429
708177
36538
562167
746931
934876
706771
562594
36267
932085
435345
619660
565419
455537
908244
565814
2176
872728
454263
886630
68299
779712
871066
49874
886222
480497
619829
87578
224263
561813
4009
871568
478814
701258
893601
225116
391655
843384
701919
541845
565484
2837
102903
171663
957845
236647
882
791852
368702
915482
930567
544275
59844
904911
882946
899809
988166
159953
544202
394507
486457
732473
923811
36139
710644
806773
465294
237161
871048
569837
374617
463781
956733
931632
919197
678385
158759
910119
864485
917832
987636
502126
775698
753772
208391
833335
987696
406020
400194
849742
948375
517923
413247
249062
942339
941776
413071
586780
248426
271353
880462
192537
832927
20845
880592
517238
731804
71819
480949
250786
239335
833086
598353
491737
987215
183334
957556
214501
133522
250884
123544
207435
541805
956542
913887
509041
522482
378239
411149
196686
275502
915764
908803
855295
850854
913942
490751
202612
741996
739835
730127
266890
618740
394982
253083
395932
2781
496660
947005
766416
705714
125095
862007
122309
855176
846198
987074
14836
876035
551101
917570
408764
408462
239766
122220
408855
406324
823095
431595
669835
406273
527380
906773
551661
306132
104247
401804
551743
402106
905339
69035
778799
311367
678042
150588
736302
230295
55587
695462
861530
900097
869379
260648
861882
716686
57338
467531
609782
776491
30990
299398
744548
762362
392607
529249
534822
742644
2707
678139
322818
575505
743053
10065
889222
104121
398086
227542
778663
562123
533274
937126
401475
23781
606268
980997
917085
370619
669801
742474
829132
299884
139967
669812
517105
534769
960494
746345
70410
736271
370467
560627
878060
385598
998129
191115
546470
681907
889094
970797
123985
546496
207768
125539
48044
889039
190692
190621
855554
443320
722075
993773
919152
546767
899013
191317
907380
546122
914682
885741
546766
190728
191905
190587
967144
190999
191092
190630
190795
889916
857203
393121
546487
941084
191161
852717
443311
852354
839734
545314
886001
900649
956544
832999
191169
81001
546469
545926
919489
192051
885710
190996
190895
81147
191822
831905
768705
678788
609251
122827
102152
994263
703398
848283
889896
832895
801041
960691
708739
210617
852240
545164
443513
947002
681846
787466
424029
835889
738323
796049
50685
282224
416604
533494
693394
448503
107281
292963
549505
79424
953387
403978
59308
956898
175336
112586
81533
368246
755045
340871
279274
279095
355111
340288
110691
278801
760097
151654
566738
30116
748799
491554
122623
305983
662906
201628
265906
822312
293118
997836
953177
292804
105778
199903
489692
123410
170547
264181
713777
720273
60607
259196
291948
292815
694164
472001
547650
295813
279883
5164
280705
352135
535320
437709
669622
119833
287672
352498
187470
67875
220473
943689
947299
515025
682308
974597
998531
947091
883854
690807
896005
187569
462444
220026
895895
974381
221336
489179
207170
281457
404526
947153
884645
893231
196513
668296
884534
939004
884471
275329
460733
463571
947500
1239
1097
202033
930125
929813
172901
266311
27206
564657
976161
226696
185411
403958
222790
520833
183814
599042
530422
821288
126433
225852
425748
951179
501261
105686
670336
207290
670495
250269
391572
207212
28960
457942
27746
464669
457615
935054
538844
425904
4943
694189
426199
836747
426436
888753
167626
168136
881007
585355
872234
577159
167059
863602
59540
238549
2456
705074
402219
982379
880346
703786
982409
596714
60092
598221
842282
595438
596912
522296
652078
872343
859484
398827
595673
628383
522384
170274
169794
839672
439684
565415
683474
996921
522402
844665
925875
595090
565086
415400
706839
541872
628436
511412
877113
598020
748118
681834
746690
757348
748249
843782
842922
221426
670041
912216
3013
248825
667973
670049
919206
921139
482593
758296
749960
16210
921791
60556
945657
160375
61197
628273
210866
160084
112891
160422
779317
393441
635418
823063
809706
538200
617224
47658
45268
5868
55254
375418
653776
618842
807599
207868
476215
906750
569178
107468
762217
762237
5447
112942
543133
108097
51349
255657
325150
479784
258846
37728
994709
570259
997837
280624
259387
376741
695955
995722
50564
124488
807699
258018
476618
558460
344109
890779
826666
388851
53320
768332
175989
235792
262980
619025
870732
38699
866796
800663
153018
637614
847345
469613
153004
472169
38783
3109
504466
429332
55283
888820
172116
809598
5671
599751
57636
692410
57655
682785
140732
994044
639916
53230
56999
183058
928837
950313
228569
724587
724549
967581
279800
719738
181435
964785
358288
421656
695175
351923
678764
115622
376328
325865
323160
285272
376277
323464
100898
385044
695560
552019
483442
175802
307306
322999
696795
344536
176492
106704
263889
723928
803977
724084
123484
724022
724380
121179
353257
467684
126634
519420
485895
770827
9628
384850
262609
134502
281770
354520
99720
171817
113490
699682
184809
320826
340781
389095
184534
389108
467265
686147
79518
723692
376619
389392
163910
195048
315322
525034
525135
810070
273864
685550
810241
686904
690374
599095
690655
352368
504034
192803
282198
364519
780307
193016
521119
271619
581962
271832
514258
178811
821938
177646
181605
153488
803100
151491
514230
610681
292077
660288
495449
261319
278861
466909
278883
182520
610628
669381
253710
956762
291945
324445
612270
732351
746863
883543
159154
171008
421169
635097
432648
314657
771950
611164
356043
924659
427012
514893
294281
547839
432653
252957
179130
313059
732354
805512
584541
391916
4764
981199
523802
432255
516193
108557
432201
98601
433270
166533
316210
988918
929720
320547
297239
63826
807092
288718
298307
330988
806980
289370
180396
794096
180642
794244
169289
490546
493081
430058
22110
425926
619270
426123
291302
949727
703494
169992
312110
209723
841174
300398
179253
752817
366974
17748
313022
992617
753170
623693
508279
316441
20123
533853
941307
210295
429823
827391
703585
692150
286106
154522
519795
930391
520098
209454
176721
473448
507186
291507
46842
465248
239866
508549
210067
465687
688353
928942
219862
599560
62264
95777
390145
806212
130733
315452
165703
762035
806141
852753
237405
4697
730316
257002
684490
689860
4762
237923
313295
609704
923824
753346
762025
609725
923610
99133
609801
910799
390146
151376
923225
910776
814743
625928
825763
824256
469274
969214
799350
824098
469120
826041
964908
672308
69850
469133
673489
852385
263241
435760
519965
730317
181319
851615
704665
868634
730251
559601
385252
131106
521961
964696
723499
810088
770990
191030
814964
716659
70810
191258
852902
279215
180816
615497
389423
496904
787525
151548
71640
51122
524679
814659
22250
543777
201516
431199
224168
265794
60813
191546
224306
60576
886629
563997
564008
13183
564079
564042
670225
216184
798973
730999
15266
746930
670437
923810
919423
677878
931688
957511
826569
932968
670137
635998
561467
14819
706804
868704
378008
563093
843137
206138
75771
518898
270416
561976
911255
197634
932004
756088
276450
560974
889345
194905
781361
635838
831793
857201
273721
223919
562041
963040
390263
853890
842692
49919
847480
842806
905527
878854
207040
733579
201414
265692
880176
916432
743788
517060
113088
989758
399714
990351
980673
81759
594141
16808
169659
997112
542941
513250
134090
868867
522080
988161
990875
906497
844432
795468
582149
652476
133524
596084
678602
196124
861121
274940
904713
13102
832528
864860
942769
197552
276368
248902
942665
974689
513985
863703
15015
170030
957547
991196
932152
200828
587110
248427
201476
265106
864170
682539
867988
265754
133095
596481
865240
991031
122511
249063
997013
985511
710374
931891
3609
376097
825865
561211
857411
21179
833633
872157
496661
66957
303406
543711
680146
481526
700889
197315
103181
110262
110297
409300
16124
83049
206711
562875
409216
860352
565920
563664
482225
562464
111651
22144
649785
82815
482972
433429
722217
983167
584652
368880
705421
433093
565207
528271
82652
155663
681654
289330
505280
637066
84496
208474
270989
91790
860104
452493
501457
636919
804378
805801
156120
148622
637382
975701
909930
454795
881298
454220
861015
429434
493040
44273
551817
409538
649234
450297
416526
488633
691380
64727
130820
92440
130251
555866
802436
878764
204944
14341
269222
706695
871611
208548
797
526540
63989
515239
601274
514554
823296
143252
840967
614009
234721
79623
57935
293130
43943
57604
659541
111896
332655
106809
129984
113673
502068
93482
329989
237312
969865
918194
93141
254253
970094
963672
806593
483605
806446
465233
961598
961273
515306
823579
508310
465105
409722
254162
779859
682423
237609
779947
683036
780218
961400
501800
50977
533951
81743
23650
254139
310969
795350
659322
30625
82122
104724
114563
261934
298585
466259
72070
423165
407883
616535
57481
370610
660458
800731
100177
795251
104716
780172
262656
227384
502176
504852
113742
450061
781626
535898
902765
255150
43941
857269
108060
505850
628637
112192
832761
511690
877529
14248
111019
23370
426178
223703
351792
685252
563318
352400
390404
217222
364369
986823
714583
796844
796217
798456
94646
102595
223877
728773
692899
684893
108265
107170
934854
224186
69606
224188
245048
225161
841932
960091
425717
722073
686634
218249
618936
103148
967417
867765
798929
867801
867806
832431
432058
844703
255788
832118
391440
124994
391053
832092
658428
58485
152370
987336
831187
224453
663426
714896
224196
474159
728687
719601
878041
260074
223902
202196
336562
519174
424268
266474
872342
519198
978715
863583
864066
987600
367638
940644
579505
682647
309680
20868
882972
481816
394502
579460
521733
224693
108814
874263
868528
865734
519816
720428
227468
718511
736195
956811
862676
931087
869050
538855
862392
870832
419279
17874
117181
191606
104866
48560
158092
704965
200755
803788
265033
58507
393902
111360
411979
104901
526944
393719
598854
190505
17002
394163
70466
111601
48735
487873
573566
629630
394280
620307
836844
106690
16758
209842
679383
989070
931812
840781
696111
130155
222908
381253
840857
158608
843523
739920
956920
886242
202084
541921
266362
203964
601678
203958
268236
28821
106873
872
380495
97244
770400
200980
712201
592736
503525
58892
16543
25262
635668
421525
504339
126762
631977
242188
635793
247250
503491
154080
26202
563489
606924
864195
63762
63379
510779
510375
866648
122907
866802
180374
510357
125178
832277
545955
123999
171298
545483
294478
246931
170737
333830
294751
132376
63947
149847
134029
732899
701435
123770
16507
658218
701657
573363
941202
658192
897908
748713
749036
74821
315732
748477
467058
86631
466937
94545
125422
180498
830041
281760
800616
977120
466326
465877
964643
88757
887214
780768
712281
545553
780732
141280
796645
943754
721699
395043
878541
543068
42902
394974
905999
224830
222535
885665
840629
514347
193620
258797
563976
272436
921304
12648
962557
885687
14576
842163
206975
905787
664178
70562
879323
664793
363189
394034
840298
395889
885927
803526
594154
902150
19151
954492
901163
886542
540600
682279
914346
394288
909628
205703
269981
732020
103756
103682
45826
929510
60460
410152
394168
223991
59707
876201
61507
126182
839998
226575
249859
383744
879326
868726
362604
841936
13414
868889
987478
511159
390821
832855
136595
67998
1651
43098
61524
68718
601801
998058
62673
475400
587404
666481
860624
481713
929092
82246
928637
475757
541161
448233
546573
195737
359780
274553
519210
589531
54836
306578
442761
346559
113419
307708
57580
382669
422112
344579
468112
682558
827227
774710
379032
505422
306186
386628
55132
473167
559021
105722
113885
954796
887759
374273
341223
925843
682630
357486
704584
344185
350127
543353
12369
55736
196025
274841
520678
920816
442696
659953
520359
411763
421453
558650
442913
743215
458800
11960
361988
903369
888901
86661
545328
82927
828212
587884
579037
162803
473534
921462
814320
365266
365353
547063
69182
214449
566609
497354
187642
4490
4457
214475
554601
440896
30046
337194
306259
776961
234950
559990
498443
104882
293784
161744
290612
190535
497211
104971
554692
321611
554617
523702
99066
151645
787655
501915
710368
94528
261517
94526
190529
366228
261426
114300
312454
776967
825736
563905
357803
51303
525244
805687
776965
498491
869260
124074
106313
42882
337012
30205
122254
494271
825636
122700
94532
790898
428246
51399
365529
365285
560050
52746
295102
122033
614841
87617
600785
281276
571817
469121
559569
31629
558357
482791
94976
426465
483146
130949
32170
68360
4784
932260
305045
4957
776801
5408
30171
803987
472860
61496
363397
633279
536469
724538
724529
122002
429041
40262
886310
85443
122082
604010
261528
403270
776721
546068
815293
814838
810003
889099
31091
525733
810913
151455
520724
105818
397040
815475
427122
469156
487399
348340
103409
305012
716524
724554
448994
105995
481329
699245
684422
30276
684755
511357
466823
818256
723270
850252
815277
30035
723215
982506
700271
396951
915967
816569
445486
915411
105955
204952
56064
634685
426480
292942
254802
702957
203720
686808
350527
175933
176597
176512
122772
343548
350434
363583
931784
526788
219735
452900
957689
91473
90432
452484
607007
585383
931604
965846
177512
294997
875893
437046
350853
294193
872317
290169
248404
351863
584423
571333
599173
333635
337131
210948
330919
711905
790261
281740
931628
487474
211983
509892
376126
451771
746504
637200
490581
294546
250227
659435
603348
501871
220312
564105
491165
979877
281033
261633
660727
528834
61885
440130
778058
421063
189266
342116
84335
279245
426834
159749
352576
447574
575742
255324
447612
446932
100938
99808
902789
106332
674574
749984
14772
4623
242430
188771
525082
4630
4554
784790
279489
279275
292781
257992
188768
278815
293693
172451
188787
278674
806386
493981
305019
336989
635607
241796
278998
749719
292520
292201
323663
292222
292192
305330
261703
804007
736496
305381
90128
515459
243182
214360
42549
708731
278798
292674
708719
42429
161791
160073
315632
337463
336770
350608
141695
466968
295690
292358
736352
30419
99682
79808
806145
48529
430796
803951
246578
312701
732269
351599
247261
122037
278637
427618
903876
336845
321572
989081
859620
875849
867223
502074
87978
248829
569078
370489
719083
381318
514508
292469
814205
465858
422089
292181
467307
279639
385549
474871
364028
530271
252643
249846
326511
16519
70812
921842
421917
279170
120476
465958
203895
28601
268173
529970
497622
31170
735152
726190
214972
684686
397242
449988
436170
14510
545524
345829
660761
89562
467450
82790
169364
531606
234769
485958
87042
133396
124579
85624
823264
465835
70251
381049
957729
684899
840789
299014
58389
746701
747313
985176
809284
684408
478756
808825
350478
809173
525190
363510
241053
426756
353320
468178
525650
770595
566480
634527
458835
910741
514648
430486
13710
426883
10021
515955
427215
514206
9899
566510
791127
29483
336645
106152
790870
433174
525274
527457
790153
925006
13776
924153
794330
6827
369459
305119
458536
336660
353367
566528
427104
510252
978851
718019
780133
590943
717813
68364
510247
309588
713978
784788
729927
368856
979585
432501
174766
266819
80054
302247
458358
926623
368838
414358
414181
177758
762723
596395
743345
743124
706157
827314
372950
176129
174502
110381
991692
291918
278725
296045
291938
353020
58968
903495
925261
800169
364341
828180
5963
955277
363739
140601
955290
802361
955312
5865
211874
742200
780840
637605
560083
106628
176650
366495
559966
297695
158479
232930
571553
822741
753213
802050
417346
869860
864425
773968
645120
573012
559765
450761
930803
572925
292079
419993
525355
573593
261811
826117
247783
770954
192730
271546
183203
800586
173986
417607
113981
599758
376233
128327
527609
863005
352920
424037
102660
70012
102182
337056
104903
102030
515173
214306
559842
451826
678265
653519
599914
905060
678307
477926
678649
227825
905032
422521
103965
614982
210568
804076
965124
599088
632125
742315
237960
426089
478039
907104
140542
684418
732989
333573
21772
153962
470884
905133
378708
805254
805629
788119
742247
521880
443780
637662
423008
634491
854024
854182
637570
443530
514965
104362
443701
475351
805994
559828
905617
601236
768739
421551
4472
699493
621908
785230
105159
560055
817003
123529
607937
472390
637383
769901
607518
128360
822484
753988
375163
653288
823050
822644
637976
