5000
123742
435464
357435
124761
559311
967343
289857
334029
123065
838520
123741
124347
154491
154617
129466
487859
167941
108664
619997
125411
549029
126138
844719
125741
628841
154490
156370
49506
932894
504330
123912
386774
953454
578106
725167
549222
126758
937312
983418
348651
841829
980651
466523
162640
952464
918245
797238
976937
333149
612535
986936
742002
435105
754949
243349
125848
183266
943336
435457
399191
708022
388236
263496
35663
878393
732061
166502
148945
936224
125640
936591
887208
246866
133007
126315
691849
31959
17938
319287
966165
718759
122815
957793
17970
623616
427243
948643
425098
620844
958117
426420
904290
939066
589866
711789
945882
623147
259346
943326
885573
571131
398386
139478
630915
609915
165486
933682
889819
395109
927685
716510
393366
111877
559062
334006
788511
830834
496840
728128
717097
717049
614766
29576
536570
389220
724824
119147
933046
937243
627846
627860
933799
797723
11434
784414
5163
289619
800369
183315
249785
827030
280355
566383
435517
718162
419639
543283
945481
712615
170758
749380
74163
95835
664070
924878
173873
624270
72105
560219
543219
522078
464409
629192
308135
930433
770754
175407
549359
748397
716433
279082
807785
748193
371420
278744
279356
548521
495828
671857
292169
535022
421011
236863
358802
322138
866737
724160
442267
938920
565610
170076
891908
336470
918545
155386
10317
247071
418792
945883
986973
955531
278729
279955
728566
421079
511892
512012
259881
302143
689997
711949
169528
947449
801311
559387
424312
16618
764616
390776
201328
595638
99745
265606
16439
848558
306296
492783
201118
265396
561274
988453
185789
679546
223218
629123
628584
628248
868610
465642
466394
297307
391453
217914
396533
885815
826988
105025
337027
59773
152427
278717
534926
151174
526223
615832
491438
364790
364660
821595
208379
475114
771957
632994
291979
64101
514619
814403
717127
69173
70085
724669
559788
720672
957604
342814
365437
439313
321539
321507
10487
918783
29924
559733
202541
371380
20403
176295
208287
725057
103826
98185
121953
736733
653177
987302
935757
175054
390014
806530
440390
295766
196377
256827
254878
126391
154808
934952
149480
364021
364563
363724
822600
789023
699646
694517
601810
892453
707517
6707
927748
4272
222729
61969
950071
696627
131141
869342
116079
181963
181860
11633
468403
736313
930719
727929
352902
634783
204740
269018
736242
632378
503266
46150
379937
474658
807956
21556
8307
854607
254667
4867
678598
4773
5214
3206
8409
920292
106343
124910
38762
519599
189638
972798
7024
989211
704820
789788
859935
287530
965442
973814
74092
339510
103857
37601
290912
344793
351987
174823
780128
344883
795200
413930
162632
69768
394499
770374
694617
353210
336721
340182
336943
340296
714059
44394
905839
516553
314339
656070
112794
416682
8371
191068
541379
768461
190782
667219
991462
904003
706524
890961
774759
593521
141642
901301
459759
422291
302395
62546
592055
927926
313445
624885
868268
827202
835946
836785
103962
446512
757418
673996
6316
672413
6648
673464
673597
768366
910726
217060
227375
659104
529299
364064
729920
227485
432257
826585
476878
6585
439991
51061
55378
476485
703186
550657
509972
696359
696382
114693
192238
943075
632498
869299
764944
468874
375198
946114
56535
754927
700418
795787
541418
307868
188181
475138
5155
762493
306773
598735
802754
284246
583177
215391
381782
990763
517176
372574
730249
709057
988313
134385
504085
924604
135281
903700
77375
68687
157955
489234
216219
216264
91276
145359
49063
114829
38268
499352
339334
354563
939647
694745
252684
461819
942656
296168
949077
520017
499943
715823
184103
378053
174004
413780
574908
936724
435533
753679
389863
131824
368334
512919
105882
725962
589865
234901
688022
513558
771202
38712
127061
843975
63633
569679
966478
70657
185
614302
400300
289525
31869
177136
763294
523081
867760
728728
879945
748199
880057
15233
881078
686448
792708
550546
36558
291627
333275
348441
402858
504091
145185
869142
869153
128584
16674
713854
610011
28194
610125
856745
856427
566911
310793
804327
610849
239830
504986
595287
306300
567110
676146
519785
420152
677652
129488
251021
541996
199728
278544
134642
226829
298561
643974
150053
462282
541964
331328
307470
946422
778995
738997
352981
684346
935890
844561
240762
285475
185836
507975
508771
806653
806918
115069
106719
65151
401327
398352
378240
683931
831273
173296
689489
156280
806655
996806
33037
560812
165091
485970
553260
105048
2942
152292
709644
377175
944736
951070
952880
433141
225251
932534
932229
224792
72408
524023
224902
732207
403951
110613
793848
749261
842834
141856
239382
844424
361950
221339
14218
875747
222238
600499
722642
882961
16429
708177
36538
562167
746931
934876
706771
562594
36267
932085
435345
619660
565419
455537
908244
565814
2176
872728
454263
886630
68299
779712
871066
49874
886222
480497
619829
87578
224263
561813
4009
871568
478814
701258
893601
225116
391655
843384
701919
541845
565484
2837
102903
171663
957845
236647
882
791852
368702
915482
930567
544275
59844
904911
882946
899809
988166
159953
544202
394507
486457
732473
923811
36139
710644
806773
465294
237161
871048
569837
374617
463781
956733
931632
919197
678385
158759
910119
864485
917832
987636
502126
775698
753772
208391
833335
987696
406020
400194
849742
948375
517923
413247
249062
942339
941776
413071
586780
248426
271353
880462
192537
832927
20845
880592
517238
731804
71819
480949
250786
239335
833086
598353
491737
987215
183334
957556
214501
133522
250884
123544
207435
541805
956542
913887
509041
522482
378239
411149
196686
275502
915764
908803
855295
850854
913942
490751
202612
741996
739835
730127
266890
618740
394982
253083
395932
2781
496660
947005
766416
705714
125095
862007
122309
855176
846198
987074
14836
876035
551101
917570
408764
408462
239766
122220
408855
406324
823095
431595
669835
406273
527380
906773
551661
306132
104247
401804
551743
402106
905339
69035
778799
311367
678042
150588
736302
230295
55587
695462
861530
900097
869379
260648
861882
716686
57338
467531
609782
776491
30990
299398
744548
762362
392607
529249
534822
742644
2707
678139
322818
575505
743053
10065
889222
104121
398086
227542
778663
562123
533274
937126
401475
23781
606268
980997
917085
370619
669801
742474
829132
299884
139967
669812
517105
534769
960494
746345
70410
736271
370467
560627
878060
385598
998129
191115
546470
681907
889094
970797
123985
546496
207768
125539
48044
889039
190692
190621
855554
443320
722075
993773
919152
546767
899013
191317
907380
546122
914682
885741
546766
190728
191905
190587
967144
190999
191092
190630
190795
889916
857203
393121
546487
941084
191161
852717
443311
852354
839734
545314
886001
900649
956544
832999
191169
81001
546469
545926
919489
192051
885710
190996
190895
81147
191822
831905
768705
678788
609251
122827
102152
994263
703398
848283
889896
832895
801041
960691
708739
210617
852240
545164
443513
947002
681846
787466
424029
835889
738323
796049
50685
282224
416604
533494
693394
448503
107281
292963
549505
79424
953387
403978
59308
956898
175336
112586
81533
368246
755045
340871
279274
279095
355111
340288
110691
278801
760097
151654
566738
30116
748799
491554
122623
305983
662906
201628
265906
822312
293118
997836
953177
292804
105778
199903
489692
123410
170547
264181
713777
720273
60607
259196
291948
292815
694164
472001
547650
295813
279883
5164
280705
352135
535320
437709
669622
119833
287672
352498
187470
67875
220473
943689
947299
515025
682308
974597
998531
947091
883854
690807
896005
187569
462444
220026
895895
974381
221336
489179
207170
281457
404526
947153
884645
893231
196513
668296
884534
939004
884471
275329
460733
463571
947500
1239
1097
202033
930125
929813
172901
266311
27206
564657
976161
226696
185411
403958
222790
520833
183814
599042
530422
821288
126433
225852
425748
951179
501261
105686
670336
207290
670495
250269
391572
207212
28960
457942
27746
464669
457615
935054
538844
425904
4943
694189
426199
836747
426436
888753
167626
168136
881007
585355
872234
577159
167059
863602
59540
238549
2456
705074
402219
982379
880346
703786
982409
596714
60092
598221
842282
595438
596912
522296
652078
872343
859484
398827
595673
628383
522384
170274
169794
839672
439684
565415
683474
996921
522402
844665
925875
595090
565086
415400
706839
541872
628436
511412
877113
598020
748118
681834
746690
757348
748249
843782
842922
221426
670041
912216
3013
248825
667973
670049
919206
921139
482593
758296
749960
16210
921791
60556
945657
160375
61197
628273
210866
160084
112891
160422
779317
393441
635418
823063
809706
538200
617224
47658
45268
5868
55254
375418
653776
618842
807599
207868
476215
906750
569178
107468
762217
762237
5447
112942
543133
108097
51349
255657
325150
479784
258846
37728
994709
570259
997837
280624
259387
376741
695955
995722
50564
124488
807699
258018
476618
558460
344109
890779
826666
388851
53320
768332
175989
235792
262980
619025
870732
38699
866796
800663
153018
637614
847345
469613
153004
472169
38783
3109
504466
429332
55283
888820
172116
809598
5671
599751
57636
692410
57655
682785
140732
994044
639916
53230
56999
183058
928837
950313
228569
724587
724549
967581
279800
719738
181435
964785
358288
421656
695175
351923
678764
115622
376328
325865
323160
285272
376277
323464
100898
385044
695560
552019
483442
175802
307306
322999
696795
344536
176492
106704
263889
723928
803977
724084
123484
724022
724380
121179
353257
467684
126634
519420
485895
770827
9628
384850
262609
134502
281770
354520
99720
171817
113490
699682
184809
320826
340781
389095
184534
389108
467265
686147
79518
723692
376619
389392
163910
195048
315322
525034
525135
810070
273864
685550
810241
686904
690374
599095
690655
352368
504034
192803
282198
364519
780307
193016
521119
271619
581962
271832
514258
178811
821938
177646
181605
153488
803100
151491
514230
610681
292077
660288
495449
261319
278861
466909
278883
182520
610628
669381
253710
956762
291945
324445
612270
732351
746863
883543
159154
171008
421169
635097
432648
314657
771950
611164
356043
924659
427012
514893
294281
547839
432653
252957
179130
313059
732354
805512
584541
391916
4764
981199
523802
432255
516193
108557
432201
98601
433270
166533
316210
988918
929720
320547
297239
63826
807092
288718
298307
330988
806980
289370
180396
794096
180642
794244
169289
490546
493081
430058
22110
425926
619270
426123
291302
949727
703494
169992
312110
209723
841174
300398
179253
752817
366974
17748
313022
992617
753170
623693
508279
316441
20123
533853
941307
210295
429823
827391
703585
692150
286106
154522
519795
930391
520098
209454
176721
473448
507186
291507
46842
465248
239866
508549
210067
465687
688353
928942
219862
599560
62264
95777
390145
806212
130733
315452
165703
762035
806141
852753
237405
4697
730316
257002
684490
689860
4762
237923
313295
609704
923824
753346
762025
609725
923610
99133
609801
910799
390146
151376
923225
910776
814743
625928
825763
824256
469274
969214
799350
824098
469120
826041
964908
672308
69850
469133
673489
852385
263241
435760
519965
730317
181319
851615
704665
868634
730251
559601
385252
131106
521961
964696
723499
810088
770990
191030
814964
716659
70810
191258
852902
279215
180816
615497
389423
496904
787525
151548
71640
51122
524679
814659
22250
543777
201516
431199
224168
265794
60813
191546
224306
60576
886629
563997
564008
13183
564079
564042
670225
216184
798973
730999
15266
746930
670437
923810
919423
677878
931688
957511
826569
932968
670137
635998
561467
14819
706804
868704
378008
563093
843137
206138
75771
518898
270416
561976
911255
197634
932004
756088
276450
560974
889345
194905
781361
635838
831793
857201
273721
223919
562041
963040
390263
853890
842692
49919
847480
842806
905527
878854
207040
733579
201414
265692
880176
916432
743788
517060
113088
989758
399714
990351
980673
81759
594141
16808
169659
997112
542941
513250
134090
868867
522080
988161
990875
906497
844432
795468
582149
652476
133524
596084
678602
196124
861121
274940
904713
13102
832528
864860
942769
197552
276368
248902
942665
974689
513985
863703
15015
170030
957547
991196
932152
200828
587110
248427
201476
265106
864170
682539
867988
265754
133095
596481
865240
991031
122511
249063
997013
985511
710374
931891
3609
376097
825865
561211
857411
21179
833633
872157
496661
66957
303406
543711
680146
481526
700889
197315
103181
110262
110297
409300
16124
83049
206711
562875
409216
860352
565920
563664
482225
562464
111651
22144
649785
82815
482972
433429
722217
983167
584652
368880
705421
433093
565207
528271
82652
155663
681654
289330
505280
637066
84496
208474
270989
91790
860104
452493
501457
636919
804378
805801
156120
148622
637382
975701
909930
454795
881298
454220
861015
429434
493040
44273
551817
409538
649234
450297
416526
488633
691380
64727
130820
92440
130251
555866
802436
878764
204944
14341
269222
706695
871611
208548
797
526540
63989
515239
601274
514554
823296
143252
840967
614009
234721
79623
57935
293130
43943
57604
659541
111896
332655
106809
129984
113673
502068
93482
329989
237312
969865
918194
93141
254253
970094
963672
806593
483605
806446
465233
961598
961273
515306
823579
508310
465105
409722
254162
779859
682423
237609
779947
683036
780218
961400
501800
50977
533951
81743
23650
254139
310969
795350
659322
30625
82122
104724
114563
261934
298585
466259
72070
423165
407883
616535
57481
370610
660458
800731
100177
795251
104716
780172
262656
227384
502176
504852
113742
450061
781626
535898
902765
255150
43941
857269
108060
505850
628637
112192
832761
511690
877529
14248
111019
23370
426178
223703
351792
685252
563318
352400
390404
217222
364369
986823
714583
796844
796217
798456
94646
102595
223877
728773
692899
684893
108265
107170
934854
224186
69606
224188
245048
225161
841932
960091
425717
722073
686634
218249
618936
103148
967417
867765
798929
867801
867806
832431
432058
844703
255788
832118
391440
124994
391053
832092
658428
58485
152370
987336
831187
224453
663426
714896
224196
474159
728687
719601
878041
260074
223902
202196
336562
519174
424268
266474
872342
519198
978715
863583
864066
987600
367638
940644
579505
682647
309680
20868
882972
481816
394502
579460
521733
224693
108814
874263
868528
865734
519816
720428
227468
718511
736195
956811
862676
931087
869050
538855
862392
870832
419279
17874
117181
191606
104866
48560
158092
704965
200755
803788
265033
58507
393902
111360
411979
104901
526944
393719
598854
190505
17002
394163
70466
111601
48735
487873
573566
629630
394280
620307
836844
106690
16758
209842
679383
989070
931812
840781
696111
130155
222908
381253
840857
158608
843523
739920
956920
886242
202084
541921
266362
203964
601678
203958
268236
28821
106873
872
380495
97244
770400
200980
712201
592736
503525
58892
16543
25262
635668
421525
504339
126762
631977
242188
635793
247250
503491
154080
26202
563489
606924
864195
63762
63379
510779
510375
866648
122907
866802
180374
510357
125178
832277
545955
123999
171298
545483
294478
246931
170737
333830
294751
132376
63947
149847
134029
732899
701435
123770
16507
658218
701657
573363
941202
658192
897908
748713
749036
74821
315732
748477
467058
86631
466937
94545
125422
180498
830041
281760
800616
977120
466326
465877
964643
88757
887214
780768
712281
545553
780732
141280
796645
943754
721699
395043
878541
543068
42902
394974
905999
224830
222535
885665
840629
514347
193620
258797
563976
272436
921304
12648
962557
885687
14576
842163
206975
905787
664178
70562
879323
664793
363189
394034
840298
395889
885927
803526
594154
902150
19151
954492
901163
886542
540600
682279
914346
394288
909628
205703
269981
732020
103756
103682
45826
929510
60460
410152
394168
223991
59707
876201
61507
126182
839998
226575
249859
383744
879326
868726
362604
841936
13414
868889
987478
511159
390821
832855
136595
67998
1651
43098
61524
68718
601801
998058
62673
475400
587404
666481
860624
481713
929092
82246
928637
475757
541161
448233
546573
195737
359780
274553
519210
589531
54836
306578
442761
346559
113419
307708
57580
382669
422112
344579
468112
682558
827227
774710
379032
505422
306186
386628
55132
473167
559021
105722
113885
954796
887759
374273
341223
925843
682630
357486
704584
344185
350127
543353
12369
55736
196025
274841
520678
920816
442696
659953
520359
411763
421453
558650
442913
743215
458800
11960
361988
903369
888901
86661
545328
82927
828212
587884
579037
162803
473534
921462
814320
365266
365353
547063
69182
214449
566609
497354
187642
4490
4457
214475
554601
440896
30046
337194
306259
776961
234950
559990
498443
104882
293784
161744
290612
190535
497211
104971
554692
321611
554617
523702
99066
151645
787655
501915
710368
94528
261517
94526
190529
366228
261426
114300
312454
776967
825736
563905
357803
51303
525244
805687
776965
498491
869260
124074
106313
42882
337012
30205
122254
494271
825636
122700
94532
790898
428246
51399
365529
365285
560050
52746
295102
122033
614841
87617
600785
281276
571817
469121
559569
31629
558357
482791
94976
426465
483146
130949
32170
68360
4784
932260
305045
4957
776801
5408
30171
803987
472860
61496
363397
633279
536469
724538
724529
122002
429041
40262
886310
85443
122082
604010
261528
403270
776721
546068
815293
814838
810003
889099
31091
525733
810913
151455
520724
105818
397040
815475
427122
469156
487399
348340
103409
305012
716524
724554
448994
105995
481329
699245
684422
30276
684755
511357
466823
818256
723270
850252
815277
30035
723215
982506
700271
396951
915967
816569
445486
915411
105955
204952
56064
634685
426480
292942
254802
702957
203720
686808
350527
175933
176597
176512
122772
343548
350434
363583
931784
526788
219735
452900
957689
91473
90432
452484
607007
585383
931604
965846
177512
294997
875893
437046
350853
294193
872317
290169
248404
351863
584423
571333
599173
333635
337131
210948
330919
711905
790261
281740
931628
487474
211983
509892
376126
451771
746504
637200
490581
294546
250227
659435
603348
501871
220312
564105
491165
979877
281033
261633
660727
528834
61885
440130
778058
421063
189266
342116
84335
279245
426834
159749
352576
447574
575742
255324
447612
446932
100938
99808
902789
106332
674574
749984
14772
4623
242430
188771
525082
4630
4554
784790
279489
279275
292781
257992
188768
278815
293693
172451
188787
278674
806386
493981
305019
336989
635607
241796
278998
749719
292520
292201
323663
292222
292192
305330
261703
804007
736496
305381
90128
515459
243182
214360
42549
708731
278798
292674
708719
42429
161791
160073
315632
337463
336770
350608
141695
466968
295690
292358
736352
30419
99682
79808
806145
48529
430796
803951
246578
312701
732269
351599
247261
122037
278637
427618
903876
336845
321572
989081
859620
875849
867223
502074
87978
248829
569078
370489
719083
381318
514508
292469
814205
465858
422089
292181
467307
279639
385549
474871
364028
530271
252643
249846
326511
16519
70812
921842
421917
279170
120476
465958
203895
28601
268173
529970
497622
31170
735152
726190
214972
684686
397242
449988
436170
14510
545524
345829
660761
89562
467450
82790
169364
531606
234769
485958
87042
133396
124579
85624
823264
465835
70251
381049
957729
684899
840789
299014
58389
746701
747313
985176
809284
684408
478756
808825
350478
809173
525190
363510
241053
426756
353320
468178
525650
770595
566480
634527
458835
910741
514648
430486
13710
426883
10021
515955
427215
514206
9899
566510
791127
29483
336645
106152
790870
433174
525274
527457
790153
925006
13776
924153
794330
6827
369459
305119
458536
336660
353367
566528
427104
510252
978851
718019
780133
590943
717813
68364
510247
309588
713978
784788
729927
368856
979585
432501
174766
266819
80054
302247
458358
926623
368838
414358
414181
177758
762723
596395
743345
743124
706157
827314
372950
176129
174502
110381
991692
291918
278725
296045
291938
353020
58968
903495
925261
800169
364341
828180
5963
955277
363739
140601
955290
802361
955312
5865
211874
742200
780840
637605
560083
106628
176650
366495
559966
297695
158479
232930
571553
822741
753213
802050
417346
869860
864425
773968
645120
573012
559765
450761
930803
572925
292079
419993
525355
573593
261811
826117
247783
770954
192730
271546
183203
800586
173986
417607
113981
599758
376233
128327
527609
863005
352920
424037
102660
70012
102182
337056
104903
102030
515173
214306
559842
451826
678265
653519
599914
905060
678307
477926
678649
227825
905032
422521
103965
614982
210568
804076
965124
599088
632125
742315
237960
426089
478039
907104
140542
684418
732989
333573
21772
153962
470884
905133
378708
805254
805629
788119
742247
521880
443780
637662
423008
634491
854024
854182
637570
443530
514965
104362
443701
475351
805994
559828
905617
601236
768739
421551
4472
699493
621908
785230
105159
560055
817003
123529
607937
472390
637383
769901
607518
128360
822484
753988
375163
653288
823050
822644
637976
6428
556974
793183
638091
686485
792959
640564
715416
786368
442778
5232
475222
983625
555262
555280
763415
763463
5453
678014
391045
906657
979026
632506
640057
540207
770536
5195
768071
768135
437464
568987
537831
908701
930316
56229
787992
768172
763137
911927
685146
924148
994171
442751
768099
715691
615970
638020
38805
436863
885217
768253
37658
796059
885179
885240
907324
770568
790576
878480
768075
797077
569120
540541
477250
823485
38797
788108
476552
718992
770939
981352
442442
906859
907346
906633
786610
906700
56227
717936
465580
105527
172473
283707
795262
440932
825845
826344
140175
106032
534527
528396
842322
927813
551649
639196
500063
279053
516922
842429
279302
104846
827790
397646
139826
861021
535195
524882
795510
736536
448616
524808
502151
599948
719163
825758
116973
569579
122240
551695
960914
534585
911628
505300
340557
540700
401003
175211
185088
364268
763423
106715
117094
292422
923172
157737
724754
151183
365808
823965
292109
197251
276067
502156
525648
960983
547506
534714
458177
842355
448353
524952
725716
333397
343125
350511
521888
410004
297413
151172
117162
534571
708314
822479
174799
5559
703702
549052
887753
4995
4962
401031
603396
5330
4870
401179
4318
401938
101992
955056
549491
440193
151194
746092
225273
749867
324318
151167
473048
324041
376657
71553
473064
168613
787668
370864
900185
900665
721404
899679
631699
282661
667784
750304
989428
243300
526258
583240
633839
989037
376386
668010
179627
530176
465281
523760
114810
93261
376274
18758
151226
102201
458054
586862
458050
248615
183077
70890
297317
693085
432658
708782
14293
703439
326827
323878
19416
787844
584940
718058
498381
151349
525328
475037
573894
436009
637342
719478
751935
31912
30252
637184
133114
30920
281121
567930
71999
428737
69608
5300
330332
502522
871446
112458
239262
497454
787559
363497
68503
684695
458750
483609
458313
30326
733307
258811
599126
229563
31497
87369
5407
69218
179057
68438
83332
503138
68614
61869
331390
558383
958499
477543
363838
751111
230040
4956
429694
682536
452361
932261
325780
30634
664324
87259
336797
110347
72392
190488
521867
229915
85899
569043
84713
345870
795783
341969
131383
54539
426553
30433
31528
124760
177720
800190
968215
981755
194392
676649
893142
358964
333304
676916
100515
893318
648775
995079
994880
646457
237660
994843
996246
615911
39929
646723
673631
39915
100436
474069
100662
60298
568736
238018
757915
992293
770347
763655
437661
211345
995314
617542
789444
427286
746596
779040
675128
802897
615920
324421
69840
637561
221473
781663
445173
71014
673490
757540
959063
191220
87422
230982
757468
65491
524440
760264
771627
323319
604360
966845
674135
995152
757505
112809
696333
621330
159461
648424
983195
676298
802664
87176
60910
504958
667349
722054
771648
778559
675058
222050
630175
76140
550220
595172
30621
439789
174611
77775
238380
785934
154168
540894
188171
68317
595750
150585
153767
70158
7058
293048
523314
511429
854040
854149
845487
68341
430472
854005
466643
317042
413105
190187
522141
707409
703322
518561
753345
359420
205606
822342
473396
10746
269884
229320
474592
59436
703655
78905
664053
755276
466613
474575
8862
189879
434379
690065
390045
295030
429957
20579
588070
257381
323971
68319
583772
822944
362341
738340
745896
192500
419896
5866
392768
76102
641127
5841
845383
791495
15970
15259
58738
59485
680724
296716
69074
13218
76331
240849
792139
238937
368613
238117
5376
868079
940600
226128
753644
680729
394268
393434
214156
935077
920940
920718
621003
408584
15250
942386
771881
225493
927125
517651
61577
521215
641615
271316
94193
760621
515367
87794
729905
386569
382435
312806
506093
244431
844668
920180
527049
58830
888056
393598
729611
394052
22387
59594
93909
319857
871529
619435
291631
770693
70005
872156
70112
940727
181341
864368
238245
697568
122505
622567
13465
15251
679852
17441
181566
316027
580180
680663
13918
331196
314250
67073
216888
6708
76101
685009
331976
5842
5867
72420
707838
72336
920719
916056
419897
920941
152616
403107
692721
539737
72696
13178
918222
916809
916065
918781
151908
152327
215707
696944
799787
57038
739897
348492
69075
345977
184270
534191
579946
221371
61578
106938
314940
221457
22889
419865
315923
935076
399396
368612
70113
349634
435441
225492
346088
920181
211985
802732
860443
15260
798777
23300
357155
515232
620591
171479
393308
392767
681364
181091
19047
975400
3809
946088
681990
333028
807447
867401
589796
5184
808138
4997
441231
35716
107024
925739
745448
33766
991059
144935
118634
190336
189623
39129
924794
723409
419669
641153
317723
124209
565720
479326
63705
857793
99967
641821
710264
771612
706484
328471
641946
477923
127599
83678
874482
183620
686110
549991
490780
749435
354678
991034
76237
369052
563410
686033
727674
422245
58773
118126
105756
422248
552452
127855
866997
617252
134455
43299
422214
35928
243889
127250
185286
155688
856228
35171
385061
802808
549989
189734
27133
116821
429237
550074
34407
839257
369254
343525
161953
299551
160369
328306
512106
491771
5177
137232
284610
173565
5023
5500
6187
132200
5341
978240
978863
574628
548399
832127
355875
220975
973798
368979
178098
311211
980683
831863
222799
135445
324615
173984
619768
474656
131795
721405
242348
688198
951092
293478
45987
17925
116200
29597
284202
742168
26987
795495
80770
308126
742180
300168
446971
323833
821854
281936
585101
370724
774260
661519
134119
258606
31632
31648
832401
445140
592104
169242
140658
283554
996037
610561
139309
112300
705929
288830
405291
1320
342082
95843
20843
18626
158022
295780
123681
85693
83290
53175
690413
415493
503844
720244
689683
458649
23749
750411
587405
82274
619321
149730
110656
895177
113545
458341
685204
988792
84515
280540
826917
862986
132758
988921
201683
304150
602063
265961
552374
726383
972870
69110
157219
742529
518357
406204
601802
777319
254670
979661
892914
761038
458434
55363
412144
788450
749820
112304
23805
861652
763496
81722
82928
279994
155808
646254
859139
682606
222813
82479
415581
942902
477601
244952
82017
293140
887370
46946
461936
101199
503085
452328
748771
113534
519613
635966
462576
213595
632609
863434
966937
308355
307089
307564
186591
92701
95067
175045
437120
899672
599204
515246
246714
949328
172660
869621
768495
105419
126997
187911
705641
316785
807907
110446
552256
180877
840289
839889
186712
949099
323534
552366
173475
475666
635100
148769
712039
595528
535221
691999
300938
411617
304642
394107
157569
562459
877285
352852
285598
373932
672663
807850
924202
707109
543266
825284
543454
825337
950473
673987
822876
778842
778715
292361
775385
896614
779153
865729
673480
50581
832734
673387
870398
374487
673164
162748
670806
322638
574228
405367
352542
897859
904269
820611
519707
823899
995354
480022
753089
542038
4643
374653
667050
831105
683050
405842
753748
668534
574892
707003
980095
543091
980820
959851
672543
7391
667118
543371
132662
825162
980424
327074
669001
824519
38408
746607
674057
4564
42413
552535
834015
824621
616043
673380
882378
673081
928223
418931
506179
485877
257711
170295
923443
348687
359177
192830
353533
312344
356305
325817
279441
280744
91711
508667
106646
112971
485446
485882
684403
176619
278728
442262
5224
338968
940534
470188
730157
323026
519535
322192
723289
324012
923161
294086
966941
342458
17516
691243
122518
533398
184784
261924
8105
292678
321983
499982
30903
153877
691381
378661
777061
7135
340866
560641
518218
376872
482396
603893
636509
66556
157490
439598
487251
372280
820990
122138
391656
879071
448557
448662
363460
439664
106927
255931
442046
487811
68501
174259
566142
526644
614279
4390
528658
525910
730417
717763
718592
600212
68678
147957
698353
723472
836669
973590
698380
178109
16223
723528
323021
695647
13850
6302
20578
929766
692272
5144
113009
189650
307033
294661
122026
122090
121993
700737
695105
401120
436039
694518
214489
294532
14244
353667
309299
612813
107473
613171
112463
501688
690820
122233
214850
400903
474591
474655
4978
114681
705047
214585
479720
589935
15687
377267
474574
479554
903061
398304
307823
510400
903021
550852
354530
581167
581110
341418
132156
183905
342108
580888
973009
691513
825596
825766
281363
472935
355478
695197
742984
690451
950478
949853
414863
443150
381559
32674
149219
229097
478007
58133
734959
58199
860064
131979
553735
746398
768396
754360
754244
740214
477919
746174
754136
379564
477668
734963
905952
400851
402180
397015
379466
539997
906296
56788
443110
774093
769994
911423
669498
671921
114624
906810
90790
664225
554037
554459
875872
996267
827078
843983
994393
840236
994228
665033
775113
773772
772314
773125
560712
410068
996731
46845
121875
894565
775023
972904
234283
226692
541327
539990
632914
774383
481886
226901
477591
489463
754089
668083
56554
689382
396970
386187
845923
977550
63837
546221
933029
400694
261807
777906
375898
477566
805968
560339
949106
964353
14755
981200
308072
22709
285609
79835
341048
175843
339933
827163
21980
826999
482497
780322
103931
37599
812494
314362
812385
176023
220614
820941
358071
82607
905616
905132
411517
453002
175766
327992
433320
957010
811894
179005
785217
413836
811671
954893
320144
151650
905059
311025
736546
910221
342308
228924
869251
791103
315964
306500
229024
329051
992160
30211
785284
311101
337178
187784
337282
309505
150983
341045
341084
152232
59429
954716
413894
371563
177846
283032
295753
178124
806874
494241
590041
992924
885122
197991
738040
378574
379014
598968
5880
289779
734481
289677
657906
750523
997994
998162
417152
478548
369606
535790
346534
99866
207277
117156
999229
408718
417192
9669
231547
326954
411595
411566
236009
739335
45269
653680
346543
744870
537153
8997
345081
134243
788681
8218
838247
76921
750166
139704
950093
283435
478635
503278
988533
651644
236649
914759
817686
8259
139405
342235
988758
411676
141212
355076
9000
838548
361097
7851
605500
26375
584097
714946
871870
571054
207291
164012
291668
148057
983720
359432
960124
591002
5857
1389
159730
440579
395011
708193
885958
786811
392988
926549
594575
138833
129673
925045
124194
888229
112116
866052
598094
864010
483060
327485
922091
138342
138708
389019
482706
700195
388928
701171
437086
253953
17798
705430
432438
766706
575286
5641
88749
747813
125623
858681
47422
246043
676288
124883
931313
47390
88744
388098
806645
919634
450250
951167
149945
184296
786826
946182
326040
908463
593578
47356
948965
594698
383385
437570
184577
813577
149516
128744
442283
85252
383669
550296
597924
195858
129387
731658
189260
274674
931208
212473
245718
14146
871185
706538
581667
5213
953436
340674
702351
5750
151236
479500
410324
122253
151333
151506
68544
104988
287220
533961
285344
873171
286090
121976
447069
325013
673390
991578
863419
652649
54222
632830
282953
872563
384260
491955
871696
640657
863877
417082
754052
470981
850851
5772
354030
220894
873339
947064
533809
772101
974296
250461
983386
863888
54225
287354
375922
376001
290225
679739
871389
590992
672723
234808
414718
5437
25886
371465
130745
749146
862766
816284
54264
112032
744190
829204
339240
214083
307869
421037
537055
417194
313687
851713
26931
566083
726523
960611
411717
493495
30647
168555
487741
638252
79548
451694
30336
691303
5084
168390
789691
79580
189094
789068
79696
5138
296791
961140
559574
426862
48571
336709
373664
953450
823640
534632
292634
700820
420624
699300
723373
719257
108519
716517
639813
823529
30440
79620
632208
51028
30674
558375
306171
16538
736481
390376
608899
336756
389989
521864
739140
53701
708755
957834
281602
389809
83191
426852
989539
852338
348075
777048
339032
957579
790928
389073
720067
466620
151186
560102
490525
448626
519294
380423
187598
187596
34121
566249
526572
823668
255755
426791
852453
681589
393263
698139
406430
707634
68612
108330
406601
31835
255183
412765
73934
5653
412388
29422
238731
5012
6627
356987
758255
758834
870692
237178
8060
759788
165799
352116
236987
777955
128833
227502
353396
165711
163440
310416
861794
575049
5110
114434
229294
580075
293303
125796
327211
794441
260306
227212
78406
599680
752847
402766
177369
466700
234908
958648
573496
977037
279324
313229
200801
265079
512802
3846
757246
147567
599831
165247
803838
65300
335756
586262
335838
999880
233710
66464
440191
293468
188789
172264
376573
330007
691421
412272
290021
402512
228907
981222
438104
944717
254360
992963
84314
57645
382267
57993
6123
56891
85541
945527
6192
571827
774030
898134
86102
405826
402541
6343
562017
774083
981862
986376
442635
397824
383992
164410
830007
781674
782154
10903
11730
399823
403006
938576
582964
250060
766042
907897
687585
479509
872673
863669
957081
89679
54978
571831
874240
907122
61584
919794
383966
253451
922049
920157
432848
598734
443063
160355
509155
398922
931380
42567
53570
149021
636082
928858
161427
388681
904678
475164
292722
590161
744599
493801
55691
293109
55566
744323
54902
249004
914442
109998
82669
496700
188729
478748
494297
152440
339633
541539
541492
294174
352562
315815
517274
781593
892861
300557
781199
292941
457767
303901
236677
457133
122642
500929
82912
122872
200796
515030
265074
188705
924156
321785
84010
781390
601599
915493
230345
5673
286143
453455
390009
356701
923686
305954
511660
602233
335881
365006
342291
430245
497632
141067
934337
426586
430373
435564
334696
560543
458433
305782
701089
310841
235349
50256
572638
924676
307077
365302
631828
772234
627789
713982
364376
344759
434935
293503
23884
64526
524842
65139
216139
924916
340622
694647
175770
323246
179420
175395
102078
233832
745960
745993
459172
101249
862947
367362
8612
242141
101261
357055
308469
233713
82784
263502
79602
806165
583553
242177
68594
433970
116465
887416
888916
68512
780194
637955
496342
310801
771871
915945
413794
467880
509064
448383
37709
459275
263039
917926
807124
