10000
123742
435464
357435
124761
559311
967343
289857
334029
123065
838520
123741
124347
154491
154617
129466
487859
167941
108664
619997
125411
549029
126138
844719
125741
628841
154490
156370
49506
932894
504330
123912
386774
953454
578106
725167
549222
126758
937312
983418
348651
841829
980651
466523
162640
952464
918245
797238
976937
333149
612535
986936
742002
435105
754949
243349
125848
183266
943336
435457
399191
708022
388236
263496
35663
878393
732061
166502
148945
936224
125640
936591
887208
246866
133007
126315
691849
31959
17938
319287
966165
718759
122815
957793
17970
623616
427243
948643
425098
620844
958117
426420
904290
939066
589866
711789
945882
623147
259346
943326
885573
571131
398386
139478
630915
609915
165486
933682
889819
395109
927685
716510
393366
111877
559062
334006
788511
830834
496840
728128
717097
717049
614766
29576
536570
389220
724824
119147
933046
937243
627846
627860
933799
797723
11434
784414
5163
289619
800369
183315
249785
827030
280355
566383
435517
718162
419639
543283
945481
712615
170758
749380
74163
95835
664070
924878
173873
624270
72105
560219
543219
522078
464409
629192
308135
930433
770754
175407
549359
748397
716433
279082
807785
748193
371420
278744
279356
548521
495828
671857
292169
535022
421011
236863
358802
322138
866737
724160
442267
938920
565610
170076
891908
336470
918545
155386
10317
247071
418792
945883
986973
955531
278729
279955
728566
421079
511892
512012
259881
302143
689997
711949
169528
947449
801311
559387
424312
16618
764616
390776
201328
595638
99745
265606
16439
848558
306296
492783
201118
265396
561274
988453
185789
679546
223218
629123
628584
628248
868610
465642
466394
297307
391453
217914
396533
885815
826988
105025
337027
59773
152427
278717
534926
151174
526223
615832
491438
364790
364660
821595
208379
475114
771957
632994
291979
64101
514619
814403
717127
69173
70085
724669
559788
720672
957604
342814
365437
439313
321539
321507
10487
918783
29924
559733
202541
371380
20403
176295
208287
725057
103826
98185
121953
736733
653177
987302
935757
175054
390014
806530
440390
295766
196377
256827
254878
126391
154808
934952
149480
364021
364563
363724
822600
789023
699646
694517
601810
892453
707517
6707
927748
4272
222729
61969
950071
696627
131141
869342
116079
181963
181860
11633
468403
736313
930719
727929
352902
634783
204740
269018
736242
632378
503266
46150
379937
474658
807956
21556
8307
854607
254667
4867
678598
4773
5214
3206
8409
920292
106343
124910
38762
519599
189638
972798
7024
989211
704820
789788
859935
287530
965442
973814
74092
339510
103857
37601
290912
344793
351987
174823
780128
344883
795200
413930
162632
69768
394499
770374
694617
353210
336721
340182
336943
340296
714059
44394
905839
516553
314339
656070
112794
416682
8371
191068
541379
768461
190782
667219
991462
904003
706524
890961
774759
593521
141642
901301
459759
422291
302395
62546
592055
927926
313445
624885
868268
827202
835946
836785
103962
446512
757418
673996
6316
672413
6648
673464
673597
768366
910726
217060
227375
659104
529299
364064
729920
227485
432257
826585
476878
6585
439991
51061
55378
476485
703186
550657
509972
696359
696382
114693
192238
943075
632498
869299
764944
468874
375198
946114
56535
754927
700418
795787
541418
307868
188181
475138
5155
762493
306773
598735
802754
284246
583177
215391
381782
990763
517176
372574
730249
709057
988313
134385
504085
924604
135281
903700
77375
68687
157955
489234
216219
216264
91276
145359
49063
114829
38268
499352
339334
354563
939647
694745
252684
461819
942656
296168
949077
520017
499943
715823
184103
378053
174004
413780
574908
936724
435533
753679
389863
131824
368334
512919
105882
725962
589865
234901
688022
513558
771202
38712
127061
843975
63633
569679
966478
70657
185
614302
400300
289525
31869
177136
763294
523081
867760
728728
879945
748199
880057
15233
881078
686448
792708
550546
36558
291627
333275
348441
402858
504091
145185
869142
869153
128584
16674
713854
610011
28194
610125
856745
856427
566911
310793
804327
610849
239830
504986
595287
306300
567110
676146
519785
420152
677652
129488
251021
541996
199728
278544
134642
226829
298561
643974
150053
462282
541964
331328
307470
946422
778995
738997
352981
684346
935890
844561
240762
285475
185836
507975
508771
806653
806918
115069
106719
65151
401327
398352
378240
683931
831273
173296
689489
156280
806655
996806
33037
560812
165091
485970
553260
105048
2942
152292
709644
377175
944736
951070
952880
433141
225251
932534
932229
224792
72408
524023
224902
732207
403951
110613
793848
749261
842834
141856
239382
844424
361950
221339
14218
875747
222238
600499
722642
882961
16429
708177
36538
562167
746931
934876
706771
562594
36267
932085
435345
619660
565419
455537
908244
565814
2176
872728
454263
886630
68299
779712
871066
49874
886222
480497
619829
87578
224263
561813
4009
871568
478814
701258
893601
225116
391655
843384
701919
541845
565484
2837
102903
171663
957845
236647
882
791852
368702
915482
930567
544275
59844
904911
882946
899809
988166
159953
544202
394507
486457
732473
923811
36139
710644
806773
465294
237161
871048
569837
374617
463781
956733
931632
919197
678385
158759
910119
864485
917832
987636
502126
775698
753772
208391
833335
987696
406020
400194
849742
948375
517923
413247
249062
942339
941776
413071
586780
248426
271353
880462
192537
832927
20845
880592
517238
731804
71819
480949
250786
239335
833086
598353
491737
987215
183334
957556
214501
133522
250884
123544
207435
541805
956542
913887
509041
522482
378239
411149
196686
275502
915764
908803
855295
850854
913942
490751
202612
741996
739835
730127
266890
618740
394982
253083
395932
2781
496660
947005
766416
705714
125095
862007
122309
855176
846198
987074
14836
876035
551101
917570
408764
408462
239766
122220
408855
406324
823095
431595
669835
406273
527380
906773
551661
306132
104247
401804
551743
402106
905339
69035
778799
311367
678042
150588
736302
230295
55587
695462
861530
900097
869379
260648
861882
716686
57338
467531
609782
776491
30990
299398
744548
762362
392607
529249
534822
742644
2707
678139
322818
575505
743053
10065
889222
104121
398086
227542
778663
562123
533274
937126
401475
23781
606268
980997
917085
370619
669801
742474
829132
299884
139967
669812
517105
534769
960494
746345
70410
736271
370467
560627
878060
385598
998129
191115
546470
681907
889094
970797
123985
546496
207768
125539
48044
889039
190692
190621
855554
443320
722075
993773
919152
546767
899013
191317
907380
546122
914682
885741
546766
190728
191905
190587
967144
190999
191092
190630
190795
889916
857203
393121
546487
941084
191161
852717
443311
852354
839734
545314
886001
900649
956544
832999
191169
81001
546469
545926
919489
192051
885710
190996
190895
81147
191822
831905
768705
678788
609251
122827
102152
994263
703398
848283
889896
832895
801041
960691
708739
210617
852240
545164
443513
947002
681846
787466
424029
835889
738323
796049
50685
282224
416604
533494
693394
448503
107281
292963
549505
79424
953387
403978
59308
956898
175336
112586
81533
368246
755045
340871
279274
279095
355111
340288
110691
278801
760097
151654
566738
30116
748799
491554
122623
305983
662906
201628
265906
822312
293118
997836
953177
292804
105778
199903
489692
123410
170547
264181
713777
720273
60607
259196
291948
292815
694164
472001
547650
295813
279883
5164
280705
352135
535320
437709
669622
119833
287672
352498
187470
67875
220473
943689
947299
515025
682308
974597
998531
947091
883854
690807
896005
187569
462444
220026
895895
974381
221336
489179
207170
281457
404526
947153
884645
893231
196513
668296
884534
939004
884471
275329
460733
463571
947500
1239
1097
202033
930125
929813
172901
266311
27206
564657
976161
226696
185411
403958
222790
520833
183814
599042
530422
821288
126433
225852
425748
951179
501261
105686
670336
207290
670495
250269
391572
207212
28960
457942
27746
464669
457615
935054
538844
425904
4943
694189
426199
836747
426436
888753
167626
168136
881007
585355
872234
577159
167059
863602
59540
238549
2456
705074
402219
982379
880346
703786
982409
596714
60092
598221
842282
595438
596912
522296
652078
872343
859484
398827
595673
628383
522384
170274
169794
839672
439684
565415
683474
996921
522402
844665
925875
595090
565086
415400
706839
541872
628436
511412
877113
598020
748118
681834
746690
757348
748249
843782
842922
221426
670041
912216
3013
248825
667973
670049
919206
921139
482593
758296
749960
16210
921791
60556
945657
160375
61197
628273
210866
160084
112891
160422
779317
393441
635418
823063
809706
538200
617224
47658
45268
5868
55254
375418
653776
618842
807599
207868
476215
906750
569178
107468
762217
762237
5447
112942
543133
108097
51349
255657
325150
479784
258846
37728
994709
570259
997837
280624
259387
376741
695955
995722
50564
124488
807699
258018
476618
558460
344109
890779
826666
388851
53320
768332
175989
235792
262980
619025
870732
38699
866796
800663
153018
637614
847345
469613
153004
472169
38783
3109
504466
429332
55283
888820
172116
809598
5671
599751
57636
692410
57655
682785
140732
994044
639916
53230
56999
183058
928837
950313
228569
724587
724549
967581
279800
719738
181435
964785
358288
421656
695175
351923
678764
115622
376328
325865
323160
285272
376277
323464
100898
385044
695560
552019
483442
175802
307306
322999
696795
344536
176492
106704
263889
723928
803977
724084
123484
724022
724380
121179
353257
467684
126634
519420
485895
770827
9628
384850
262609
134502
281770
354520
99720
171817
113490
699682
184809
320826
340781
389095
184534
389108
467265
686147
79518
723692
376619
389392
163910
195048
315322
525034
525135
810070
273864
685550
810241
686904
690374
599095
690655
352368
504034
192803
282198
364519
780307
193016
521119
271619
581962
271832
514258
178811
821938
177646
181605
153488
803100
151491
514230
610681
292077
660288
495449
261319
278861
466909
278883
182520
610628
669381
253710
956762
291945
324445
612270
732351
746863
883543
159154
171008
421169
635097
432648
314657
771950
611164
356043
924659
427012
514893
294281
547839
432653
252957
179130
313059
732354
805512
584541
391916
4764
981199
523802
432255
516193
108557
432201
98601
433270
166533
316210
988918
929720
320547
297239
63826
807092
288718
298307
330988
806980
289370
180396
794096
180642
794244
169289
490546
493081
430058
22110
425926
619270
426123
291302
949727
703494
169992
312110
209723
841174
300398
179253
752817
366974
17748
313022
992617
753170
623693
508279
316441
20123
533853
941307
210295
429823
827391
703585
692150
286106
154522
519795
930391
520098
209454
176721
473448
507186
291507
46842
465248
239866
508549
210067
465687
688353
928942
219862
599560
62264
95777
390145
806212
130733
315452
165703
762035
806141
852753
237405
4697
730316
257002
684490
689860
4762
237923
313295
609704
923824
753346
762025
609725
923610
99133
609801
910799
390146
151376
923225
910776
814743
625928
825763
824256
469274
969214
799350
824098
469120
826041
964908
672308
69850
469133
673489
852385
263241
435760
519965
730317
181319
851615
704665
868634
730251
559601
385252
131106
521961
964696
723499
810088
770990
191030
814964
716659
70810
191258
852902
279215
180816
615497
389423
496904
787525
151548
71640
51122
524679
814659
22250
543777
201516
431199
224168
265794
60813
191546
224306
60576
886629
563997
564008
13183
564079
564042
670225
216184
798973
730999
15266
746930
670437
923810
919423
677878
931688
957511
826569
932968
670137
635998
561467
14819
706804
868704
378008
563093
843137
206138
75771
518898
270416
561976
911255
197634
932004
756088
276450
560974
889345
194905
781361
635838
831793
857201
273721
223919
562041
963040
390263
853890
842692
49919
847480
842806
905527
878854
207040
733579
201414
265692
880176
916432
743788
517060
113088
989758
399714
990351
980673
81759
594141
16808
169659
997112
542941
513250
134090
868867
522080
988161
990875
906497
844432
795468
582149
652476
133524
596084
678602
196124
861121
274940
904713
13102
832528
864860
942769
197552
276368
248902
942665
974689
513985
863703
15015
170030
957547
991196
932152
200828
587110
248427
201476
265106
864170
682539
867988
265754
133095
596481
865240
991031
122511
249063
997013
985511
710374
931891
3609
376097
825865
561211
857411
21179
833633
872157
496661
66957
303406
543711
680146
481526
700889
197315
103181
110262
110297
409300
16124
83049
206711
562875
409216
860352
565920
563664
482225
562464
111651
22144
649785
82815
482972
433429
722217
983167
584652
368880
705421
433093
565207
528271
82652
155663
681654
289330
505280
637066
84496
208474
270989
91790
860104
452493
501457
636919
804378
805801
156120
148622
637382
975701
909930
454795
881298
454220
861015
429434
493040
44273
551817
409538
649234
450297
416526
488633
691380
64727
130820
92440
130251
555866
802436
878764
204944
14341
269222
706695
871611
208548
797
526540
63989
515239
601274
514554
823296
143252
840967
614009
234721
79623
57935
293130
43943
57604
659541
111896
332655
106809
129984
113673
502068
93482
329989
237312
969865
918194
93141
254253
970094
963672
806593
483605
806446
465233
961598
961273
515306
823579
508310
465105
409722
254162
779859
682423
237609
779947
683036
780218
961400
501800
50977
533951
81743
23650
254139
310969
795350
659322
30625
82122
104724
114563
261934
298585
466259
72070
423165
407883
616535
57481
370610
660458
800731
100177
795251
104716
780172
262656
227384
502176
504852
113742
450061
781626
535898
902765
255150
43941
857269
108060
505850
628637
112192
832761
511690
877529
14248
111019
23370
426178
223703
351792
685252
563318
352400
390404
217222
364369
986823
714583
796844
796217
798456
94646
102595
223877
728773
692899
684893
108265
107170
934854
224186
69606
224188
245048
225161
841932
960091
425717
722073
686634
218249
618936
103148
967417
867765
798929
867801
867806
832431
432058
844703
255788
832118
391440
124994
391053
832092
658428
58485
152370
987336
831187
224453
663426
714896
224196
474159
728687
719601
878041
260074
223902
202196
336562
519174
424268
266474
872342
519198
978715
863583
864066
987600
367638
940644
579505
682647
309680
20868
882972
481816
394502
579460
521733
224693
108814
874263
868528
865734
519816
720428
227468
718511
736195
956811
862676
931087
869050
538855
862392
870832
419279
17874
117181
191606
104866
48560
158092
704965
200755
803788
265033
58507
393902
111360
411979
104901
526944
393719
598854
190505
17002
394163
70466
111601
48735
487873
573566
629630
394280
620307
836844
106690
16758
209842
679383
989070
931812
840781
696111
130155
222908
381253
840857
158608
843523
739920
956920
886242
202084
541921
266362
203964
601678
203958
268236
28821
106873
872
380495
97244
770400
200980
712201
592736
503525
58892
16543
25262
635668
421525
504339
126762
631977
242188
635793
247250
503491
154080
26202
563489
606924
864195
63762
63379
510779
510375
866648
122907
866802
180374
510357
125178
832277
545955
123999
171298
545483
294478
246931
170737
333830
294751
132376
63947
149847
134029
732899
701435
123770
16507
658218
701657
573363
941202
658192
897908
748713
749036
74821
315732
748477
467058
86631
466937
94545
125422
180498
830041
281760
800616
977120
466326
465877
964643
88757
887214
780768
712281
545553
780732
141280
796645
943754
721699
395043
878541
543068
42902
394974
905999
224830
222535
885665
840629
514347
193620
258797
563976
272436
921304
12648
962557
885687
14576
842163
206975
905787
664178
70562
879323
664793
363189
394034
840298
395889
885927
803526
594154
902150
19151
954492
901163
886542
540600
682279
914346
394288
909628
205703
269981
732020
103756
103682
45826
929510
60460
410152
394168
223991
59707
876201
61507
126182
839998
226575
249859
383744
879326
868726
362604
841936
13414
868889
987478
511159
390821
832855
136595
67998
1651
43098
61524
68718
601801
998058
62673
475400
587404
666481
860624
481713
929092
82246
928637
475757
541161
448233
546573
195737
359780
274553
519210
589531
54836
306578
442761
346559
113419
307708
57580
382669
422112
344579
468112
682558
827227
774710
379032
505422
306186
386628
55132
473167
559021
105722
113885
954796
887759
374273
341223
925843
682630
357486
704584
344185
350127
543353
12369
55736
196025
274841
520678
920816
442696
659953
520359
411763
421453
558650
442913
743215
458800
11960
361988
903369
888901
86661
545328
82927
828212
587884
579037
162803
473534
921462
814320
365266
365353
547063
69182
214449
566609
497354
187642
4490
4457
214475
554601
440896
30046
337194
306259
776961
234950
559990
498443
104882
293784
161744
290612
190535
497211
104971
554692
321611
554617
523702
99066
151645
787655
501915
710368
94528
261517
94526
190529
366228
261426
114300
312454
776967
825736
563905
357803
51303
525244
805687
776965
498491
869260
124074
106313
42882
337012
30205
122254
494271
825636
122700
94532
790898
428246
51399
365529
365285
560050
52746
295102
122033
614841
87617
600785
281276
571817
469121
559569
31629
558357
482791
94976
426465
483146
130949
32170
68360
4784
932260
305045
4957
776801
5408
30171
803987
472860
61496
363397
633279
536469
724538
724529
122002
429041
40262
886310
85443
122082
604010
261528
403270
776721
546068
815293
814838
810003
889099
31091
525733
810913
151455
520724
105818
397040
815475
427122
469156
487399
348340
103409
305012
716524
724554
448994
105995
481329
699245
684422
30276
684755
511357
466823
818256
723270
850252
815277
30035
723215
982506
700271
396951
915967
816569
445486
915411
105955
204952
56064
634685
426480
292942
254802
702957
203720
686808
350527
175933
176597
176512
122772
343548
350434
363583
931784
526788
219735
452900
957689
91473
90432
452484
607007
585383
931604
965846
177512
294997
875893
437046
350853
294193
872317
290169
248404
351863
584423
571333
599173
333635
337131
210948
330919
711905
790261
281740
931628
487474
211983
509892
376126
451771
746504
637200
490581
294546
250227
659435
603348
501871
220312
564105
491165
979877
281033
261633
660727
528834
61885
440130
778058
421063
189266
342116
84335
279245
426834
159749
352576
447574
575742
255324
447612
446932
100938
99808
902789
106332
674574
749984
14772
4623
242430
188771
525082
4630
4554
784790
279489
279275
292781
257992
188768
278815
293693
172451
188787
278674
806386
493981
305019
336989
635607
241796
278998
749719
292520
292201
323663
292222
292192
305330
261703
804007
736496
305381
90128
515459
243182
214360
42549
708731
278798
292674
708719
42429
161791
160073
315632
337463
336770
350608
141695
466968
295690
292358
736352
30419
99682
79808
806145
48529
430796
803951
246578
312701
732269
351599
247261
122037
278637
427618
903876
336845
321572
989081
859620
875849
867223
502074
87978
248829
569078
370489
719083
381318
514508
292469
814205
465858
422089
292181
467307
279639
385549
474871
364028
530271
252643
249846
326511
16519
70812
921842
421917
279170
120476
465958
203895
28601
268173
529970
497622
31170
735152
726190
214972
684686
397242
449988
436170
14510
545524
345829
660761
89562
467450
82790
169364
531606
234769
485958
87042
133396
124579
85624
823264
465835
70251
381049
957729
684899
840789
299014
58389
746701
747313
985176
809284
684408
478756
808825
350478
809173
525190
363510
241053
426756
353320
468178
525650
770595
566480
634527
458835
910741
514648
430486
13710
426883
10021
515955
427215
514206
9899
566510
791127
29483
336645
106152
790870
433174
525274
527457
790153
925006
13776
924153
794330
6827
369459
305119
458536
336660
353367
566528
427104
510252
978851
718019
780133
590943
717813
68364
510247
309588
713978
784788
729927
368856
979585
432501
174766
266819
80054
302247
458358
926623
368838
414358
414181
177758
762723
596395
743345
743124
706157
827314
372950
176129
174502
110381
991692
291918
278725
296045
291938
353020
58968
903495
925261
800169
364341
828180
5963
955277
363739
140601
955290
802361
955312
5865
211874
742200
780840
637605
560083
106628
176650
366495
559966
297695
158479
232930
571553
822741
753213
802050
417346
869860
864425
773968
645120
573012
559765
450761
930803
572925
292079
419993
525355
573593
261811
826117
247783
770954
192730
271546
183203
800586
173986
417607
113981
599758
376233
128327
527609
863005
352920
424037
102660
70012
102182
337056
104903
102030
515173
214306
559842
451826
678265
653519
599914
905060
678307
477926
678649
227825
905032
422521
103965
614982
210568
804076
965124
599088
632125
742315
237960
426089
478039
907104
140542
684418
732989
333573
21772
153962
470884
905133
378708
805254
805629
788119
742247
521880
443780
637662
423008
634491
854024
854182
637570
443530
514965
104362
443701
475351
805994
559828
905617
601236
768739
421551
4472
699493
621908
785230
105159
560055
817003
123529
607937
472390
637383
769901
607518
128360
822484
753988
375163
653288
823050
822644
637976
6428
556974
793183
638091
686485
792959
640564
715416
786368
442778
5232
475222
983625
555262
555280
763415
763463
5453
678014
391045
906657
979026
632506
640057
540207
770536
5195
768071
768135
437464
568987
537831
908701
930316
56229
787992
768172
763137
911927
685146
924148
994171
442751
768099
715691
615970
638020
38805
436863
885217
768253
37658
796059
885179
885240
907324
770568
790576
878480
768075
797077
569120
540541
477250
823485
38797
788108
476552
718992
770939
981352
442442
906859
907346
906633
786610
906700
56227
717936
465580
105527
172473
283707
795262
440932
825845
826344
140175
106032
534527
528396
842322
927813
551649
639196
500063
279053
516922
842429
279302
104846
827790
397646
139826
861021
535195
524882
795510
736536
448616
524808
502151
599948
719163
825758
116973
569579
122240
551695
960914
534585
911628
505300
340557
540700
401003
175211
185088
364268
763423
106715
117094
292422
923172
157737
724754
151183
365808
823965
292109
197251
276067
502156
525648
960983
547506
534714
458177
842355
448353
524952
725716
333397
343125
350511
521888
410004
297413
151172
117162
534571
708314
822479
174799
5559
703702
549052
887753
4995
4962
401031
603396
5330
4870
401179
4318
401938
101992
955056
549491
440193
151194
746092
225273
749867
324318
151167
473048
324041
376657
71553
473064
168613
787668
370864
900185
900665
721404
899679
631699
282661
667784
750304
989428
243300
526258
583240
633839
989037
376386
668010
179627
530176
465281
523760
114810
93261
376274
18758
151226
102201
458054
586862
458050
248615
183077
70890
297317
693085
432658
708782
14293
703439
326827
323878
19416
787844
584940
718058
498381
151349
525328
475037
573894
436009
637342
719478
751935
31912
30252
637184
133114
30920
281121
567930
71999
428737
69608
5300
330332
502522
871446
112458
239262
497454
787559
363497
68503
684695
458750
483609
458313
30326
733307
258811
599126
229563
31497
87369
5407
69218
179057
68438
83332
503138
68614
61869
331390
558383
958499
477543
363838
751111
230040
4956
429694
682536
452361
932261
325780
30634
664324
87259
336797
110347
72392
190488
521867
229915
85899
569043
84713
345870
795783
341969
131383
54539
426553
30433
31528
124760
177720
800190
968215
981755
194392
676649
893142
358964
333304
676916
100515
893318
648775
995079
994880
646457
237660
994843
996246
615911
39929
646723
673631
39915
100436
474069
100662
60298
568736
238018
757915
992293
770347
763655
437661
211345
995314
617542
789444
427286
746596
779040
675128
802897
615920
324421
69840
637561
221473
781663
445173
71014
673490
757540
959063
191220
87422
230982
757468
65491
524440
760264
771627
323319
604360
966845
674135
995152
757505
112809
696333
621330
159461
648424
983195
676298
802664
87176
60910
504958
667349
722054
771648
778559
675058
222050
630175
76140
550220
595172
30621
439789
174611
77775
238380
785934
154168
540894
188171
68317
595750
150585
153767
70158
7058
293048
523314
511429
854040
854149
845487
68341
430472
854005
466643
317042
413105
190187
522141
707409
703322
518561
753345
359420
205606
822342
473396
10746
269884
229320
474592
59436
703655
78905
664053
755276
466613
474575
8862
189879
434379
690065
390045
295030
429957
20579
588070
257381
323971
68319
583772
822944
362341
738340
745896
192500
419896
5866
392768
76102
641127
5841
845383
791495
15970
15259
58738
59485
680724
296716
69074
13218
76331
240849
792139
238937
368613
238117
5376
868079
940600
226128
753644
680729
394268
393434
214156
935077
920940
920718
621003
408584
15250
942386
771881
225493
927125
517651
61577
521215
641615
271316
94193
760621
515367
87794
729905
386569
382435
312806
506093
244431
844668
920180
527049
58830
888056
393598
729611
394052
22387
59594
93909
319857
871529
619435
291631
770693
70005
872156
70112
940727
181341
864368
238245
697568
122505
622567
13465
15251
679852
17441
181566
316027
580180
680663
13918
331196
314250
67073
216888
6708
76101
685009
331976
5842
5867
72420
707838
72336
920719
916056
419897
920941
152616
403107
692721
539737
72696
13178
918222
916809
916065
918781
151908
152327
215707
696944
799787
57038
739897
348492
69075
345977
184270
534191
579946
221371
61578
106938
314940
221457
22889
419865
315923
935076
399396
368612
70113
349634
435441
225492
346088
920181
211985
802732
860443
15260
798777
23300
357155
515232
620591
171479
393308
392767
681364
181091
19047
975400
3809
946088
681990
333028
807447
867401
589796
5184
808138
4997
441231
35716
107024
925739
745448
33766
991059
144935
118634
190336
189623
39129
924794
723409
419669
641153
317723
124209
565720
479326
63705
857793
99967
641821
710264
771612
706484
328471
641946
477923
127599
83678
874482
183620
686110
549991
490780
749435
354678
991034
76237
369052
563410
686033
727674
422245
58773
118126
105756
422248
552452
127855
866997
617252
134455
43299
422214
35928
243889
127250
185286
155688
856228
35171
385061
802808
549989
189734
27133
116821
429237
550074
34407
839257
369254
343525
161953
299551
160369
328306
512106
491771
5177
137232
284610
173565
5023
5500
6187
132200
5341
978240
978863
574628
548399
832127
355875
220975
973798
368979
178098
311211
980683
831863
222799
135445
324615
173984
619768
474656
131795
721405
242348
688198
951092
293478
45987
17925
116200
29597
284202
742168
26987
795495
80770
308126
742180
300168
446971
323833
821854
281936
585101
370724
774260
661519
134119
258606
31632
31648
832401
445140
592104
169242
140658
283554
996037
610561
139309
112300
705929
288830
405291
1320
342082
95843
20843
18626
158022
295780
123681
85693
83290
53175
690413
415493
503844
720244
689683
458649
23749
750411
587405
82274
619321
149730
110656
895177
113545
458341
685204
988792
84515
280540
826917
862986
132758
988921
201683
304150
602063
265961
552374
726383
972870
69110
157219
742529
518357
406204
601802
777319
254670
979661
892914
761038
458434
55363
412144
788450
749820
112304
23805
861652
763496
81722
82928
279994
155808
646254
859139
682606
222813
82479
415581
942902
477601
244952
82017
293140
887370
46946
461936
101199
503085
452328
748771
113534
519613
635966
462576
213595
632609
863434
966937
308355
307089
307564
186591
92701
95067
175045
437120
899672
599204
515246
246714
949328
172660
869621
768495
105419
126997
187911
705641
316785
807907
110446
552256
180877
840289
839889
186712
949099
323534
552366
173475
475666
635100
148769
712039
595528
535221
691999
300938
411617
304642
394107
157569
562459
877285
352852
285598
373932
672663
807850
924202
707109
543266
825284
543454
825337
950473
673987
822876
778842
778715
292361
775385
896614
779153
865729
673480
50581
832734
673387
870398
374487
673164
162748
670806
322638
574228
405367
352542
897859
904269
820611
519707
823899
995354
480022
753089
542038
4643
374653
667050
831105
683050
405842
753748
668534
574892
707003
980095
543091
980820
959851
672543
7391
667118
543371
132662
825162
980424
327074
669001
824519
38408
746607
674057
4564
42413
552535
834015
824621
616043
673380
882378
673081
928223
418931
506179
485877
257711
170295
923443
348687
359177
192830
353533
312344
356305
325817
279441
280744
91711
508667
106646
112971
485446
485882
684403
176619
278728
442262
5224
338968
940534
470188
730157
323026
519535
322192
723289
324012
923161
294086
966941
342458
17516
691243
122518
533398
184784
261924
8105
292678
321983
499982
30903
153877
691381
378661
777061
7135
340866
560641
518218
376872
482396
603893
636509
66556
157490
439598
487251
372280
820990
122138
391656
879071
448557
448662
363460
439664
106927
255931
442046
487811
68501
174259
566142
526644
614279
4390
528658
525910
730417
717763
718592
600212
68678
147957
698353
723472
836669
973590
698380
178109
16223
723528
323021
695647
13850
6302
20578
929766
692272
5144
113009
189650
307033
294661
122026
122090
121993
700737
695105
401120
436039
694518
214489
294532
14244
353667
309299
612813
107473
613171
112463
501688
690820
122233
214850
400903
474591
474655
4978
114681
705047
214585
479720
589935
15687
377267
474574
479554
903061
398304
307823
510400
903021
550852
354530
581167
581110
341418
132156
183905
342108
580888
973009
691513
825596
825766
281363
472935
355478
695197
742984
690451
950478
949853
414863
443150
381559
32674
149219
229097
478007
58133
734959
58199
860064
131979
553735
746398
768396
754360
754244
740214
477919
746174
754136
379564
477668
734963
905952
400851
402180
397015
379466
539997
906296
56788
443110
774093
769994
911423
669498
671921
114624
906810
90790
664225
554037
554459
875872
996267
827078
843983
994393
840236
994228
665033
775113
773772
772314
773125
560712
410068
996731
46845
121875
894565
775023
972904
234283
226692
541327
539990
632914
774383
481886
226901
477591
489463
754089
668083
56554
689382
396970
386187
845923
977550
63837
546221
933029
400694
261807
777906
375898
477566
805968
560339
949106
964353
14755
981200
308072
22709
285609
79835
341048
175843
339933
827163
21980
826999
482497
780322
103931
37599
812494
314362
812385
176023
220614
820941
358071
82607
905616
905132
411517
453002
175766
327992
433320
957010
811894
179005
785217
413836
811671
954893
320144
151650
905059
311025
736546
910221
342308
228924
869251
791103
315964
306500
229024
329051
992160
30211
785284
311101
337178
187784
337282
309505
150983
341045
341084
152232
59429
954716
413894
371563
177846
283032
295753
178124
806874
494241
590041
992924
885122
197991
738040
378574
379014
598968
5880
289779
734481
289677
657906
750523
997994
998162
417152
478548
369606
535790
346534
99866
207277
117156
999229
408718
417192
9669
231547
326954
411595
411566
236009
739335
45269
653680
346543
744870
537153
8997
345081
134243
788681
8218
838247
76921
750166
139704
950093
283435
478635
503278
988533
651644
236649
914759
817686
8259
139405
342235
988758
411676
141212
355076
9000
838548
361097
7851
605500
26375
584097
714946
871870
571054
207291
164012
291668
148057
983720
359432
960124
591002
5857
1389
159730
440579
395011
708193
885958
786811
392988
926549
594575
138833
129673
925045
124194
888229
112116
866052
598094
864010
483060
327485
922091
138342
138708
389019
482706
700195
388928
701171
437086
253953
17798
705430
432438
766706
575286
5641
88749
747813
125623
858681
47422
246043
676288
124883
931313
47390
88744
388098
806645
919634
450250
951167
149945
184296
786826
946182
326040
908463
593578
47356
948965
594698
383385
437570
184577
813577
149516
128744
442283
85252
383669
550296
597924
195858
129387
731658
189260
274674
931208
212473
245718
14146
871185
706538
581667
5213
953436
340674
702351
5750
151236
479500
410324
122253
151333
151506
68544
104988
287220
533961
285344
873171
286090
121976
447069
325013
673390
991578
863419
652649
54222
632830
282953
872563
384260
491955
871696
640657
863877
417082
754052
470981
850851
5772
354030
220894
873339
947064
533809
772101
974296
250461
983386
863888
54225
287354
375922
376001
290225
679739
871389
590992
672723
234808
414718
5437
25886
371465
130745
749146
862766
816284
54264
112032
744190
829204
339240
214083
307869
421037
537055
417194
313687
851713
26931
566083
726523
960611
411717
493495
30647
168555
487741
638252
79548
451694
30336
691303
5084
168390
789691
79580
189094
789068
79696
5138
296791
961140
559574
426862
48571
336709
373664
953450
823640
534632
292634
700820
420624
699300
723373
719257
108519
716517
639813
823529
30440
79620
632208
51028
30674
558375
306171
16538
736481
390376
608899
336756
389989
521864
739140
53701
708755
957834
281602
389809
83191
426852
989539
852338
348075
777048
339032
957579
790928
389073
720067
466620
151186
560102
490525
448626
519294
380423
187598
187596
34121
566249
526572
823668
255755
426791
852453
681589
393263
698139
406430
707634
68612
108330
406601
31835
255183
412765
73934
5653
412388
29422
238731
5012
6627
356987
758255
758834
870692
237178
8060
759788
165799
352116
236987
777955
128833
227502
353396
165711
163440
310416
861794
575049
5110
114434
229294
580075
293303
125796
327211
794441
260306
227212
78406
599680
752847
402766
177369
466700
234908
958648
573496
977037
279324
313229
200801
265079
512802
3846
757246
147567
599831
165247
803838
65300
335756
586262
335838
999880
233710
66464
440191
293468
188789
172264
376573
330007
691421
412272
290021
402512
228907
981222
438104
944717
254360
992963
84314
57645
382267
57993
6123
56891
85541
945527
6192
571827
774030
898134
86102
405826
402541
6343
562017
774083
981862
986376
442635
397824
383992
164410
830007
781674
782154
10903
11730
399823
403006
938576
582964
250060
766042
907897
687585
479509
872673
863669
957081
89679
54978
571831
874240
907122
61584
919794
383966
253451
922049
920157
432848
598734
443063
160355
509155
398922
931380
42567
53570
149021
636082
928858
161427
388681
904678
475164
292722
590161
744599
493801
55691
293109
55566
744323
54902
249004
914442
109998
82669
496700
188729
478748
494297
152440
339633
541539
541492
294174
352562
315815
517274
781593
892861
300557
781199
292941
457767
303901
236677
457133
122642
500929
82912
122872
200796
515030
265074
188705
924156
321785
84010
781390
601599
915493
230345
5673
286143
453455
390009
356701
923686
305954
511660
602233
335881
365006
342291
430245
497632
141067
934337
426586
430373
435564
334696
560543
458433
305782
701089
310841
235349
50256
572638
924676
307077
365302
631828
772234
627789
713982
364376
344759
434935
293503
23884
64526
524842
65139
216139
924916
340622
694647
175770
323246
179420
175395
102078
233832
745960
745993
459172
101249
862947
367362
8612
242141
101261
357055
308469
233713
82784
263502
79602
806165
583553
242177
68594
433970
116465
887416
888916
68512
780194
637955
496342
310801
771871
915945
413794
467880
509064
448383
37709
459275
263039
917926
807124
448381
175304
355578
417100
23576
638008
30434
242269
336658
345058
323292
916190
870762
967217
989691
638102
781335
864394
841182
637968
323915
502488
80540
955272
249107
34673
610334
113250
865171
112527
158894
863411
667019
861771
755597
446585
870851
906435
446688
411892
951184
603713
666944
952895
146500
667418
604995
443095
870153
666774
540231
447486
862270
447470
6158
604318
699019
190762
448032
123205
666855
971125
447409
686920
603718
604948
676271
446326
758902
446232
447062
541413
811211
446291
666759
445847
824867
759564
692986
950954
951600
534437
673052
447615
447084
862036
447185
375552
447552
442859
253853
698204
758953
759977
6167
995790
684664
658013
4798
891344
513928
236559
500274
75999
340275
47195
578232
892439
779891
280913
235088
683190
583247
212545
228527
38460
39257
38490
39351
38397
427728
38500
737065
683230
754133
38393
254365
379462
39442
5830
750066
39480
38660
753522
229049
39436
736943
980435
238417
605011
378793
39406
754113
6004
5499
747492
743056
537655
38032
977596
747451
37674
38450
314738
674757
901261
232839
808371
38495
45409
411863
807646
254557
204660
238839
268938
742998
39431
730532
5115
562183
674080
44171
730669
110170
49565
900385
733715
510948
325065
900678
605418
605388
855946
5999
547523
219141
122045
405098
472375
369637
480475
467603
308262
84208
79638
261443
307829
312604
79528
748000
79553
105292
331837
736291
279393
324833
363623
152096
419768
31920
603409
152552
279070
540901
732965
37090
177666
279049
605061
363522
524947
748306
805039
744752
499357
279486
695973
994018
424310
821923
368542
116336
278928
169938
742279
749482
544114
584162
808819
30847
11738
63929
190423
227743
514182
190484
228165
361724
187755
401896
874026
507973
719189
339484
559881
601232
699421
600902
12275
429831
425907
742331
516066
823540
694810
744280
389803
694509
5284
908603
196823
165836
5211
916109
239099
452782
556125
966411
917398
483179
966916
469634
214355
562323
469532
562251
595994
208338
389229
541839
389145
541889
863199
686203
214386
607932
214354
545950
579382
195128
225733
273944
685524
214651
16663
214785
254374
561522
29693
782220
223381
389133
515004
41984
221159
308648
208310
254474
432923
208258
753477
869817
703936
607693
930622
546260
865079
665056
515358
892844
205153
548680
334038
269431
809488
699696
256663
509559
255200
563047
329065
307958
659362
866053
125217
493440
256662
15098
258930
950376
52810
832445
700689
48359
805374
25383
7237
381601
172684
383164
626572
716064
462136
65966
237441
228077
146598
320913
949157
580508
80130
851812
536562
381262
228708
864378
359667
777700
536549
531090
779004
851781
360588
318991
462469
228555
364587
360957
517634
420107
517464
47553
335100
14869
316639
359231
309138
990735
47561
212191
31643
352335
527386
170811
315139
624324
499252
526638
581124
795913
459258
153738
481609
308065
863285
201643
455651
778060
265921
65747
928201
477667
255084
232747
309312
565765
634623
453711
202896
339708
267174
199305
963859
833097
758104
758081
830147
830217
447559
447577
830132
373719
755598
871976
672523
657378
447775
6612
768413
6834
768167
768289
7171
6376
768338
768446
447421
217887
837914
672333
447717
952894
375080
217327
768544
569221
447168
446233
676272
446962
446689
6692
620522
446358
375145
666788
447160
44166
996812
445985
447403
853445
830127
309425
447209
446292
655909
996809
447091
38391
373764
446727
768119
190613
447343
645337
672730
447630
672636
886598
190991
832412
447063
190757
447770
475247
666757
445100
864283
740243
31203
5278
336785
399367
781584
411641
112217
627994
421775
227388
780092
576151
509171
455217
168629
724747
455319
907633
402994
615794
436896
112208
400319
627816
780082
616084
500246
748821
336728
500668
311418
513243
151348
22391
903691
805550
23982
547698
628075
308142
170823
427284
321867
755195
503094
102079
292798
786447
98279
431084
533520
100263
505370
351270
686072
215202
548561
610061
548617
742059
432178
395339
39579
438428
39592
434294
614416
981404
222870
689928
283158
283055
467082
689947
46261
689998
192436
777151
101592
47079
103322
8564
848323
781951
46221
8402
192440
426645
112043
816034
271256
660891
418312
593594
331430
244500
845815
566368
655667
203911
192428
268189
271244
307615
271252
263578
228878
46395
364882
46025
238179
349114
781011
358336
238801
287403
593887
791909
780843
935964
442116
356855
635689
363958
238205
635448
203538
267816
358460
426655
47155
309905
781187
42746
263056
103327
364308
246365
698795
780505
711142
310475
690280
929685
686272
343712
370453
572543
249336
717549
101548
101196
46136
860720
696988
948518
372544
975008
141349
865962
699675
731990
656087
428745
423664
555527
838412
838648
838480
655178
825006
449099
423938
654280
6560
890256
428667
890693
448955
821712
563394
893191
380350
655704
591545
654976
714965
654582
380659
905853
428591
537838
655001
449203
616027
639193
674575
910997
821773
616263
757948
890113
890490
655435
423933
563584
652460
898341
448975
423107
757864
825019
654282
643171
890355
761782
656132
821852
423959
827693
397697
892967
593002
655335
881377
657673
643958
424117
838675
423176
7269
656646
716460
906109
655464
643215
381437
654705
759223
654336
656277
654018
673711
967768
973465
831805
989396
453362
754772
628014
590708
413918
453913
754676
6321
536232
198171
276987
6413
5989
439221
694080
7094
512491
930044
6440
682414
140118
339276
307515
518559
574046
151552
186222
151890
582589
828400
473385
437995
480169
413913
754909
415603
72174
516851
480148
889767
988559
536201
536560
535994
940151
828324
560776
890063
50827
991038
310677
353904
973329
829023
5863
715440
545430
80672
229176
490019
897504
575515
602813
23651
130584
730220
415540
435703
573740
306946
458509
514978
410230
5167
48798
584907
536312
54153
536280
54160
125367
32856
120187
846637
191270
553013
39062
476004
546683
675309
397755
848657
617044
641183
422008
5635
901459
641803
401296
560584
173002
891088
682797
890029
641218
770217
410989
826915
675345
389623
917953
387016
810017
440946
768530
856372
49136
769997
641249
218073
374204
502781
5440
474320
375986
45284
994248
616527
543998
891546
55683
204901
269179
37808
421939
701190
809881
51863
131425
855596
641508
415658
327223
800032
617683
616858
687323
826824
987885
985255
55346
190345
294117
698884
190120
125833
476609
641593
6937
376130
399747
754748
434290
20657
870913
553930
157780
39874
447150
537622
479221
301437
992978
606380
52188
569962
6405
869634
576180
157002
861875
725944
228997
870558
781821
58168
258052
944767
782307
251521
303868
863273
250950
139673
50832
157836
56110
256979
304041
461701
457414
475404
396183
58267
109811
211639
813075
478950
433057
976555
44931
93292
974627
51731
475025
212503
902693
336377
240841
58374
804294
641445
252381
399368
332861
52083
881709
260843
477059
474781
991923
411854
909473
478857
51911
118273
983148
495408
976045
304536
328147
804639
479076
489306
826705
412035
998723
5504
506818
856738
5242
901848
878302
740020
5390
414228
669398
386754
7346
53298
102274
230466
686362
7758
997979
54581
540216
995472
102476
854558
7159
558026
755173
688542
51560
774849
685523
55410
974770
805921
848716
552589
807550
821585
54553
376423
230142
478315
477646
57115
876631
51841
542174
643394
970835
552772
472352
389087
612136
475437
669638
558445
773032
773933
388499
671998
768743
556943
409091
38851
558455
555352
475902
39072
852201
558714
821430
669491
55361
411859
855824
473989
579031
476592
409020
378795
754515
477823
57068
53513
685641
763427
899389
640356
38036
994346
520776
476957
213670
612244
640146
538413
37790
335382
538358
38802
48146
479037
46942
705781
888191
571846
641477
993766
137151
888810
520829
693104
479203
160323
46914
465641
51087
243576
51617
441361
767960
93590
405753
479919
6857
419611
107373
754310
54919
124972
188589
52294
46349
883884
767986
810378
714343
755116
641135
706369
911699
255425
640456
642029
441324
754394
701637
641684
510678
825259
55432
640421
107488
900553
472922
866627
476951
188606
683432
571928
477298
982590
115863
118479
124467
363516
161340
742152
112141
68038
745206
475045
743583
741851
814150
734709
477883
323185
814152
84205
133694
669445
188818
740000
283495
55223
734895
671904
294450
743433
254415
601141
745349
281459
768117
722077
744975
96764
672034
95358
740003
536443
323930
39707
600819
47256
65473
322621
715206
281763
536348
458077
23243
855200
10966
972834
487390
415786
188989
596171
281331
972355
528107
516836
54599
339463
657975
493473
257491
189130
53860
188839
745466
188863
86067
55241
487377
768202
216665
106848
477643
201509
265787
935682
716041
814169
358357
477616
772246
796810
31387
208693
19344
175303
535669
956344
322838
376276
511904
229951
458570
5877
785181
307427
3049
175724
778803
498271
418678
778562
827118
314437
467313
573893
727168
215642
748989
634609
858780
382191
131178
239136
517981
526919
468000
135992
338446
373414
931574
618312
69587
724411
354395
144877
373410
171385
307932
632146
131621
6214
3368
954006
468239
955612
378523
158152
768504
716576
590027
161777
696519
778355
162869
437731
165325
465284
378069
334110
704014
475458
165682
511509
748389
519433
743245
789959
568140
537830
572160
570883
39339
862743
6430
768112
541740
768142
6124
6804
655162
543487
5912
768033
543444
768100
655785
768076
567938
638187
89419
417477
862388
953091
768031
787935
718993
568134
86748
981353
996257
407977
768090
862092
543096
568026
767868
768171
953089
871112
755856
88026
655468
953127
839323
571614
7486
893149
768134
770466
567953
755913
953084
770569
571147
710200
683818
408439
907911
885180
820764
541738
755808
652548
767906
422210
986791
953086
767860
655057
953080
568062
568207
716260
852294
211829
567966
467326
839336
692711
185634
78216
596079
4924
325785
864793
156527
7157
587152
875636
972288
887421
807562
475175
795689
399103
217444
496198
494416
5885
796038
126227
5826
503056
479958
788868
700656
403628
418723
82668
503867
771492
698104
540523
398093
788552
913106
480069
824228
92112
980085
78764
921447
540526
493397
640970
57775
782102
411467
616437
426230
760868
811185
913286
498683
770357
887490
688321
769128
713307
807844
578585
473252
413734
84315
84587
418509
502929
221702
788911
955044
735945
426419
578138
887224
913284
480307
605303
982022
176140
4660
33195
176816
226740
225776
117954
906834
30766
55928
98957
99093
711409
139670
168946
753746
753861
711790
174187
703272
192727
381789
469328
57922
198752
469341
271543
204614
277568
193492
205579
268892
204280
272308
935570
699496
268558
200667
269857
700028
264945
6609
419927
379088
435407
816921
503449
23285
898552
492724
711414
226993
107323
419990
965283
483587
476181
333464
686318
742311
281165
407988
461696
329805
200534
481645
448667
739320
264812
170787
433657
168452
31647
56030
694441
791699
448804
726890
612577
704220
169197
663156
503042
97407
524281
506257
106805
69438
128617
199687
130152
383272
190493
190271
574996
256424
934377
6853
405640
573991
986963
470408
86188
88691
381435
184197
233221
986975
869540
894402
598327
345777
873454
492135
75711
132457
691026
881561
218875
232737
167398
385278
475262
479994
119401
196356
275172
196754
121226
275570
278503
630755
879150
156157
459180
900541
49027
869615
150838
898465
793684
106635
492565
156433
410992
106294
646968
939380
553386
489825
258419
946426
196411
275227
414034
690388
125408
458876
428364
456268
747466
39252
118875
861657
414709
257332
148815
494374
841561
200032
923208
179639
569260
66683
437048
314481
735215
547237
188779
312599
123845
547350
736348
625854
64405
55790
55897
168854
353104
55821
13271
55987
338867
804114
690462
547224
56067
472467
442826
471421
698856
602419
517519
422129
242863
15218
560003
522526
168750
602092
411562
516508
158809
516513
602878
518966
227188
429433
79649
256851
729981
79445
242565
62141
831381
729983
817015
746947
227242
600086
415444
408924
426817
279068
377141
426975
433078
655775
559974
7364
653610
209339
370178
614872
471429
280405
129407
952748
949065
344586
282562
812890
917157
661211
874762
937405
481177
923001
112907
924024
953370
107018
823588
222183
936145
234784
335363
226375
404281
790536
823106
197815
276631
107717
6553
197218
276034
873903
7616
797012
237354
188398
322388
397769
667393
119691
87582
762021
179380
734888
563616
107873
646139
745846
916330
484433
125158
461998
923753
953973
310169
456105
455580
36691
64904
456833
429113
132233
487525
691796
403734
738332
434088
504606
64391
906528
682353
544496
514234
827619
748552
322349
819540
94834
72030
703915
496823
887919
130297
304017
282536
114265
298867
509881
87440
113601
120210
324333
284144
890258
218377
194189
203370
821033
273005
267648
775424
100947
535056
775001
890601
203071
141798
141997
267349
806733
427201
427145
162731
361914
865359
861035
467642
199613
76369
714570
278429
484828
346497
182647
520852
119841
346182
74020
680220
406709
197116
511749
363026
978819
275932
455034
362691
665365
280766
664932
508737
335662
120265
283433
707771
499712
336450
7903
197164
503919
275980
347215
296492
539659
508178
394342
374748
412019
296704
10466
609360
90581
393450
354842
890509
609085
287783
110732
625255
817468
157445
171543
45225
441307
179246
32969
87779
63070
62076
908325
30911
787224
322937
581325
907550
468269
751841
108434
30630
482803
61855
860535
788639
582621
170729
633822
110601
785837
171405
172717
633455
316406
481301
509115
728077
926212
364179
466809
793515
578628
632674
721459
804388
306279
630629
441344
927103
805389
31860
106942
96514
633700
787104
35733
975437
8578
632628
793039
492012
511266
836719
80557
88231
321665
949086
469409
433905
76912
31560
647891
586987
482207
577592
156643
956638
431652
594487
466230
415995
174902
998545
496766
616708
496772
47148
547884
465039
730884
497288
924921
464954
151237
92163
464949
618428
979096
184341
527682
115764
411896
874000
61297
69895
68818
133741
822668
547324
151297
544334
914124
184601
544739
658312
219745
547359
234634
534886
96917
366631
984645
382154
151619
698943
441565
615280
366310
143040
473826
681130
419946
142740
532210
9792
874069
9208
524193
496683
101028
311687
685583
244520
289265
430594
324786
956924
322080
595606
698999
522327
609727
547147
619180
498884
112159
94370
528270
829803
468983
534426
637590
542509
6070
919617
674756
873256
138184
5967
673324
411888
8486
118923
673335
862760
8069
7489
445808
374258
7080
136445
113497
579385
865087
971540
227994
865265
673970
447850
874286
864672
446555
833033
132665
141894
538504
901066
191990
873728
396465
763199
963407
824525
672819
862196
674079
673581
536512
132169
672350
579134
570159
656427
374106
760147
971323
468907
134555
875589
673584
228376
870226
673207
930272
568063
611526
132513
140449
899719
861956
536656
113423
826340
886153
672363
886268
606928
674639
569833
824181
610275
698069
188742
986626
692548
981508
599858
280948
172173
693571
591140
900930
610680
588905
7451
420058
870629
66816
7188
171970
619931
498233
918058
419716
779610
304552
294471
478826
344404
605641
648799
869732
759718
983464
978324
349682
252867
303382
243468
342722
939326
590020
939686
165357
807512
319934
348842
257772
81795
296696
293607
345923
537245
875942
171509
243295
755782
745636
896741
771732
862223
601682
870792
455179
587679
954139
694771
353189
335185
199167
329676
277983
332192
592576
771495
925783
592503
258925
98032
367992
989221
869748
807502
329277
974431
907953
751035
402674
687798
131139
182466
956361
11873
366090
181436
831158
224138
833230
840245
223910
834026
603552
365342
11237
830564
438877
390550
839757
805029
986179
805838
13008
298178
510579
787286
779841
902697
896719
914858
896792
840398
896957
629101
176386
830563
888353
712957
663215
603835
800817
393655
77753
913809
454319
992314
476696
3086
871379
629260
729274
547618
107181
639418
125175
454130
22756
176021
25487
660241
531637
245709
548611
169571
171679
130218
941006
122943
476653
141275
897899
959970
680647
152944
833301
180990
512599
898759
590673
448555
129380
399761
467158
712872
947507
280953
210676
657074
890348
127248
806288
196602
724893
177759
31395
154577
275418
679265
67450
616249
617555
831578
467074
392804
658615
897471
905245
136432
31535
540641
113256
32961
195541
502964
274357
170007
973380
168414
107781
715699
678964
679187
108459
69433
492305
752356
615115
614886
719808
831224
205295
117111
550251
187155
269573
911487
416554
645746
725583
280821
860550
604914
987978
425309
112652
522375
492732
434086
377552
76590
193377
9164
235359
272193
144860
175377
921535
437609
17285
825365
653421
805577
504639
705470
6005
74493
601940
281565
296270
847922
6778
566213
295098
54762
414280
40878
497742
298752
241559
953426
490403
512845
429803
414381
230489
341561
284452
283766
188921
391952
355016
132176
112314
350864
573192
212563
157088
22720
112483
112255
427528
905055
989983
505779
350967
990957
351945
699842
228881
874494
351517
540678
600968
261322
489580
490986
305026
97539
937883
373154
341188
241641
465608
426566
332008
433576
564729
530066
671712
564174
235841
425413
573731
145556
680276
176412
525985
152053
465536
5121
466781
227733
215822
667942
781336
32475
216176
694093
991374
299339
280264
745982
80610
80632
460416
807936
169689
809544
8894
599227
180709
518505
711937
663226
518433
237419
351328
414841
733434
230198
352418
685792
693977
433969
327011
161776
574939
305994
966990
547164
305411
448489
414710
965855
322337
858236
418588
723383
431642
326736
431313
748498
746914
306920
765053
448382
634518
524660
227558
423589
343294
2467
352609
329052
196016
274832
142603
359513
280838
467023
429307
601303
663618
664594
946852
21652
83146
538105
128333
885372
896140
476400
774213
754930
419010
802125
480026
797123
479889
479823
479638
208081
409350
538079
766204
421506
387726
476276
774784
379116
688501
384151
218824
192318
8354
478468
793358
850726
494715
644533
414529
495271
837575
688299
617442
676601
802202
414946
802708
864375
478137
794390
554127
783778
837982
52982
656168
54579
495046
811067
8725
451621
887120
863777
410793
207303
399026
617114
811633
953922
58361
378977
617595
803392
676817
553802
807670
902245
85279
559772
476025
812574
521586
58556
557784
108921
188561
385812
450585
902331
36130
284845
485694
807714
424719
808513
642062
73061
910669
134680
900912
253067
526166
108005
9151
808036
478027
428316
476815
760649
785275
39017
83495
747899
912460
981664
126237
36806
312394
258387
785536
56780
312212
469859
807854
420247
138743
469908
38774
795313
156898
855820
465932
81539
759897
771146
543126
53824
754760
700874
429399
538616
88701
197809
37796
462477
243353
276625
381877
517762
771528
695632
635130
366427
543520
741475
45315
754115
884536
745633
506471
897115
59444
415362
148070
235221
616101
913405
993360
346963
468198
427265
600449
297056
282502
417700
642572
526037
39337
643125
521335
7722
820955
441662
34081
38168
50082
119894
856498
5690
39242
893693
387568
8011
484291
319319
38992
156732
795616
39306
51073
428399
63374
308235
228321
695335
911616
908219
238411
441905
521505
126135
310032
46087
824113
602572
641968
556024
475180
81328
57214
286290
109573
492022
6587
39456
8734
907387
847409
555779
39159
53444
646774
78364
659657
448810
770529
56351
558842
446081
109396
460236
449480
54402
165201
517824
415882
297355
409190
80570
730402
692554
332239
149373
478485
672141
397589
249653
401287
604382
39191
39135
292790
7098
38545
8899
9224
39462
38464
6901
38522
38386
7065
38240
754572
897035
8103
960293
39488
230886
411594
389235
44080
417228
379381
249324
38511
39500
6326
38556
558895
448216
38508
956888
559170
709371
240831
813449
39130
410425
637468
810860
637320
409821
255717
411756
37971
39402
376088
6369
411675
371038
832853
8201
148151
5901
239662
538511
257682
39333
768215
39303
208133
892029
810556
109322
374744
661991
54434
537398
559023
256140
38579
38996
110104
410865
905658
582190
7118
413353
792168
408231
7627
825274
825058
213122
754531
187888
386717
521135
811323
823542
857119
825123
476974
859227
236106
191344
213176
870522
814177
537924
475515
402599
825030
779463
389418
847894
679055
707844
558506
250839
306482
207153
707159
41745
753931
39882
808102
678052
11422
410654
442615
324553
44529
812127
440973
543489
906901
57333
235852
873907
823572
118008
851759
131568
391609
639570
6079
40121
250640
442835
40486
875663
990885
873912
287481
796722
479615
54767
52478
556117
754556
873409
506866
442602
126841
762369
637548
285959
347591
279894
426598
84174
638040
29960
636833
85847
305187
923125
29974
520730
818650
815326
815425
815262
815373
821939
815480
815524
815333
26513
815287
815283
815305
84465
964730
815380
111924
9258
85967
815404
815352
9417
85193
61112
814664
815312
814836
188274
29953
487433
815448
815506
814713
815297
445488
815291
815375
516673
815281
815412
158034
815329
526570
818478
815390
29991
815263
489513
818720
29963
40273
815473
995497
29936
815319
790708
964707
815420
82999
520722
814716
815315
815274
818128
29949
815356
815470
443491
815323
81949
818601
945089
304985
521856
972023
879491
139577
972412
972456
1891
181234
989217
631020
174246
187329
89754
910720
421065
439826
783564
474058
803095
57569
802478
876763
407337
648328
910423
421884
109540
707795
960454
385776
421870
779351
974180
92937
689208
257949
87567
56725
963970
798292
604022
170710
985951
914713
120208
464727
537805
436546
424252
778750
909936
57503
91785
46160
538195
93228
900193
46764
85988
779372
218184
537963
802327
660782
244623
909938
904084
614432
655135
56701
769154
861218
8896
745772
651029
568754
995892
137387
400888
651161
78068
201573
265851
769057
976778
474062
261798
335266
902881
901875
550912
928149
196552
275368
438699
206444
407483
886757
304418
805419
806838
889940
886884
887238
956233
290641
511325
863588
144181
795002
183768
289347
367522
890209
408964
367422
395227
132739
465852
193362
272178
407604
842798
515363
106024
949970
313624
408205
742445
830240
738486
185244
733031
733167
738694
736490
987842
409028
943763
795020
469734
252333
63278
601160
251424
600861
873974
250636
918694
951099
250846
349404
360422
945993
407683
465668
181982
19414
876269
466410
508406
795039
684565
782901
430844
324187
742919
802874
956
897477
94077
700742
742850
948690
307928
392585
991587
742678
311426
44017
338664
742597
742556
196106
826938
274922
733866
905040
884723
181033
441175
615796
545573
195954
545419
407598
274770
812041
281733
253004
436811
432156
493002
440674
437379
963357
526930
882048
527477
98494
634001
894057
60194
658938
363707
826354
523474
411004
491027
57969
308913
322001
499684
62398
603308
793887
881375
881369
247865
281785
956580
438897
62466
312167
104233
639134
434141
556845
69046
51954
383445
768476
639208
239360
905095
486552
898409
221642
120609
551918
794214
341021
254871
928917
898592
730461
595136
855776
50227
974583
874616
8419
37970
986478
857588
962974
985312
856493
875276
616609
478217
768179
29315
380955
984016
973942
38139
768288
768080
591980
775801
873298
963363
616910
768354
642416
854807
984327
773451
638835
161767
644503
568116
642696
768229
642754
161760
470197
810955
652189
974249
568065
379263
643569
8099
642796
568090
872387
935067
768303
28034
642294
927615
864582
951407
962774
775403
642260
642074
568024
166481
964594
767241
975483
872237
517555
783658
568205
863677
164684
580275
417811
783132
789514
616355
642346
709382
395534
160455
223384
777354
184494
664898
625082
84327
223071
849118
30308
587041
119003
332322
785689
332566
312589
691386
298797
650879
927687
296428
588134
22795
750490
28863
815750
648262
945153
147431
726753
295123
490912
313274
765213
790832
914355
427800
166934
405131
240243
916928
849368
144480
349923
917752
750227
849862
686240
866260
27676
34023
362170
791471
321231
329957
391639
864681
119854
303796
22316
619203
319626
348569
864224
749631
916842
145041
332081
848598
499519
22339
22787
823522
459699
835956
696873
296718
589800
213486
27862
781879
164025
464744
628108
420281
868142
192977
157710
193771
307804
518456
271793
726537
309650
203122
656723
354583
436416
267400
24937
983966
358009
73429
128112
36819
517586
983347
310778
462594
519686
179836
297306
289024
435117
200979
938268
169470
265257
192696
60563
272587
271512
590372
238768
706856
502862
705349
352042
339705
146526
352402
84414
18349
431754
498347
7512
143872
15845
308248
312318
148170
944926
316008
848519
693320
369441
770398
287647
339453
144680
66218
508866
830308
547293
573503
111165
839892
587864
419593
249904
181389
197675
276491
12000
361083
918533
199478
414932
494846
904676
87624
552173
514937
562757
85311
84825
381144
397268
797800
807683
84157
57297
384898
419693
53327
322257
978147
948033
83294
800076
696751
386859
888995
478927
52248
72359
935257
316114
784551
479957
815069
100798
520212
75901
706797
807829
81932
775277
784540
479410
536924
453715
878251
978499
904687
244416
694012
145312
658683
745272
892618
770194
681198
459333
656282
401002
687185
999181
43649
598593
829895
407997
538226
991139
690834
920883
389676
409589
892260
909131
196604
416759
143788
734497
87935
77910
331162
133077
11550
50550
96827
132757
471290
52334
5924
498150
37734
122927
681957
105312
112511
768297
37844
37993
896881
39076
793629
280557
911693
207803
37752
207733
123062
656945
692804
767889
37775
477272
736499
123266
893351
667388
424121
693505
655584
599452
102895
770380
905694
38711
615191
655481
423856
39086
913270
37899
817945
953020
667475
767916
893427
785754
768012
911227
207721
768073
821877
518579
599254
657841
476935
430337
537482
862344
536382
770280
791406
38955
102872
655652
912952
656094
207788
770404
476989
814366
656060
536170
442807
476891
905971
770577
536186
124153
822691
378601
655842
655284
938254
411471
624644
857975
372685
753623
8782
368453
637319
8082
440321
369366
64957
305493
753581
127698
873725
155524
183826
473248
424272
473151
865353
423878
904965
85903
341673
991128
855332
87488
795130
972068
237049
699594
234154
237241
104646
635818
940971
637375
693005
872503
867292
128188
369776
130332
991783
311081
693211
552859
947577
200887
265165
901918
221073
114260
520249
766439
474229
250594
765387
576269
872179
129980
88692
339999
940224
537738
730959
182940
86508
328331
915296
793997
595181
320679
285583
694679
794297
402084
818860
364865
385162
182712
629106
25312
88935
187810
215818
20974
505511
347068
223309
21005
282663
216313
295600
158006
702258
363092
422050
60023
24906
598056
703680
421817
263322
360823
688869
687830
263733
729706
305680
26472
684721
30078
769814
426326
79568
352121
514491
94551
743391
161559
516346
80223
55240
497050
405063
390237
81562
30145
359998
279689
338096
603407
342254
292834
502152
230014
318637
704297
182024
415199
297207
791529
603386
699526
305414
763290
421575
292115
668091
101341
502169
155486
203719
267997
364906
670268
410005
615686
382592
393208
75792
662959
257614
386858
196603
868694
295954
51723
699630
675485
397267
410967
411704
7262
389695
475714
9057
474709
7736
5634
762892
410255
894913
475566
377268
475613
310547
793813
45812
897742
294796
807571
864249
397358
479880
633031
377006
552174
752959
377434
774133
475165
104616
192753
271569
480039
981670
616526
692828
553198
809667
793546
478082
42734
409185
679871
478837
157545
763181
479118
820552
986748
546684
9313
837417
412726
50020
546723
640983
476383
899831
398021
498251
700585
697542
109515
415977
185157
20224
849982
930711
261820
752491
695385
880876
365106
417922
67539
832128
230201
611807
584495
341468
408641
390855
747321
426298
746945
747303
228239
364128
411532
159957
747621
183904
411506
951451
250411
950011
425639
853993
690426
854025
854000
195047
273863
294531
913232
854183
547368
211195
229861
289668
497783
177872
281082
424581
611276
435544
425615
795280
229367
719628
730982
420837
521972
390772
88259
244241
478625
731146
436310
421187
555063
143316
851342
754259
127952
343244
897297
289560
358159
211012
880509
931058
947774
14284
252162
666427
665054
193438
272254
869927
566430
869849
566386
642707
614360
851333
641279
122290
141685
869694
364322
19426
862120
40902
141401
744093
997482
824121
550616
997178
619212
181364
743889
856093
103709
969119
906832
856988
181044
933160
855788
933239
122446
102248
733631
540520
853167
826305
885744
846024
846326
122246
849747
932208
849223
223692
103823
553839
846642
946951
92672
940704
969178
854550
550666
833375
98017
488534
848367
995625
364780
206198
270476
374963
637844
852471
614795
851098
946978
756707
98155
907298
848722
208422
941049
869931
995555
480351
103026
784190
759760
56308
45051
223232
41810
538256
115312
54999
56621
433603
52434
547337
579263
852805
729303
442929
378181
378748
797883
67048
378772
615612
718969
689308
88253
431943
56625
410863
38629
585321
254671
10879
5475
535434
537120
378272
469255
478583
57622
41023
782528
694916
431618
768605
340337
783018
2892
588408
10103
685832
890059
666502
41312
694596
57029
570282
960312
586549
419371
537229
448650
579814
929525
207701
846663
295063
52521
107809
83127
38633
192677
271493
798858
852849
54606
5787
606102
51980
559042
537614
783889
247719
80774
925948
134679
243974
108281
419610
475174
312577
329585
258699
189460
188640
304448
347193
427812
901495
476143
60217
729640
888190
51060
121513
51078
942858
55175
729146
499669
316843
177685
472514
536835
406529
825294
893301
461533
327752
64038
153334
671406
769977
577390
71840
689434
481451
537574
187988
560119
36129
511173
523247
406236
319179
102904
608789
504783
688009
718951
600327
72237
875943
810251
592963
93657
780993
91569
478035
701636
319878
190220
199946
264224
153517
243352
688491
109939
696844
559866
765129
949698
409960
57024
464350
127110
46024
962239
246597
607588
212197
112707
79463
476539
908531
845979
427847
556067
987365
715617
278749
908685
937445
37577
38662
112461
535354
158416
693506
215969
572470
433986
599249
427767
204835
112774
615192
269113
4609
556216
905239
4556
888044
216152
47186
246975
814215
770379
933947
661469
458556
374597
887760
863606
541355
827228
996275
424425
814265
793630
864617
366651
108772
280462
732091
791407
953021
768373
207980
112763
306024
692805
607568
37584
382636
122928
889670
793356
953023
953040
602627
124431
713737
905600
607481
446109
854506
74861
1337
294298
683661
43820
2195
810068
53590
856622
52534
904970
847814
571581
8265
115625
536117
814425
600518
541717
116316
617426
615196
839308
770517
814439
988883
894382
42486
770662
538505
552434
568866
520980
536131
991661
423727
4866
768355
768694
644898
816337
536196
7737
536070
569065
102909
552850
196556
275372
407306
8435
52151
202177
266455
792344
195886
274702
203621
267899
848083
764435
212426
886483
651993
423771
295124
847892
756288
424151
922722
817674
208006
642916
386314
816051
41596
782835
442397
774273
810465
100283
8877
457251
640168
637394
917217
940400
677326
537136
237844
865381
426335
410945
38258
540352
39450
425578
389564
898464
38552
512718
39420
38544
38348
512415
424420
38446
38548
559101
39499
426024
559162
426171
39416
39520
898594
425902
39373
39572
559355
38502
8228
888937
38449
38566
39410
512544
52516
375296
559379
38519
558900
512858
39576
39505
38396
39568
513203
56478
375574
114219
559491
38273
512248
38419
38509
38483
38466
918640
521008
808691
425430
39429
39210
38147
207259
38382
425880
38375
910553
38462
39341
858999
38513
38190
667539
918068
39435
448116
39357
39289
374932
898793
39116
866788
526765
630499
379171
873533
414116
61424
583428
661238
534160
810229
669617
798559
479145
802621
9090
700826
770006
57709
118740
56783
78573
410397
556525
56877
671591
811260
650728
649248
450918
783543
652126
957610
813127
451630
67789
475296
509123
823441
810575
473492
127187
391633
237677
65752
798776
102706
808826
241046
474121
671076
993724
669609
810454
554231
257352
772113
889305
166263
368656
233334
671633
780381
770188
55016
476430
414684
128419
414176
130737
287559
36439
671750
475285
794233
476906
63776
379150
47236
957518
407593
555814
51215
2571
125986
897288
190819
385209
148557
897275
967990
125259
535037
623576
416746
43001
207205
710157
537925
57177
709915
822276
207201
475121
814168
920261
822348
475333
824904
541656
921168
822228
541628
467812
539799
1776
962950
541833
762318
685726
963129
971556
541837
971510
971341
503247
258176
468350
934196
190708
2337
475206
621208
852152
672256
686133
766903
259144
856642
207263
615958
857600
534476
857273
616019
971573
693807
886300
993641
672845
988139
292676
988375
961433
541758
880255
854324
970395
604191
683679
535462
962623
993644
856502
410673
257786
880520
988698
852762
891494
616487
935808
853211
159264
131279
183016
420319
806202
168803
550387
627848
597565
5642
599314
548227
376202
622846
254329
99232
359133
938566
707760
99614
98938
384962
474579
741600
109631
470424
730156
737072
1423
470540
470370
797937
381124
735369
378865
178865
949688
180384
725020
738668
190214
101510
436551
746336
448826
936429
9356
429443
738885
425328
470193
518503
988793
475459
182434
474927
470323
925668
597990
440906
744940
390607
429504
750015
774360
566817
353817
389810
182329
810666
263243
298036
124657
95383
730076
790604
955728
838015
960169
717139
991906
470580
452148
732261
30995
429634
715519
341974
757558
527274
841821
135342
287683
252007
128491
63435
173006
62984
520926
413638
829592
769089
608738
8601
52018
768763
643701
835702
99401
259924
826820
807855
555811
902337
643253
769121
114500
857963
768209
311646
412092
808497
858089
807864
769100
405204
311199
469327
811355
600599
64785
469359
643772
688904
499965
259996
907687
413142
642849
208015
6127
283227
56081
810613
768266
46966
731593
172284
979916
731462
609185
538419
144006
80495
535067
639769
977118
38401
303005
768679
414840
808732
289644
319048
724047
520946
608724
428487
999228
96153
186758
768969
980499
330384
159731
527330
54574
213104
8951
966728
86640
598841
384488
484316
414189
76055
414105
332146
87492
373182
736229
875866
248419
198263
735948
32069
245443
277079
32755
145710
86683
31909
32618
32711
697512
248856
373259
199608
278424
576911
189168
593129
754291
289443
723429
163808
727573
753224
312119
709440
491506
693166
754429
479186
91773
608578
311044
208585
133553
231625
705153
230147
941794
67164
928728
691432
578165
681689
927860
772399
411162
31859
999778
611066
754256
553777
593429
372113
148391
301509
951592
993281
246264
666515
944829
160288
244049
993210
948255
681407
162867
949601
226713
811931
975897
770520
214185
572508
89598
412275
388037
439059
873282
553796
52639
