10000
167941
178184
616463
616464
559120
106515
290839
778264
909336
561178
581667
743460
108580
696359
108583
108584
976937
589865
968746
589866
448555
888879
747572
622647
776253
585790
311365
440390
720968
624713
815181
108623
108624
993360
127061
127062
946263
397400
32856
649307
311388
155741
311389
841821
34911
847970
878691
389220
313445
737381
841829
153701
129127
628841
860267
884844
213104
434290
999539
940147
346228
882806
626806
548983
108664
940153
938105
997498
92284
628861
628862
194690
751746
630915
792710
53383
952463
952464
2192
28821
802978
581794
970915
559268
936100
549029
600233
671913
559275
936110
725167
661681
927926
450742
612535
592055
123065
125115
590012
903360
702658
702659
981189
927941
614597
774346
968907
334027
125132
334029
559311
981199
131279
979157
139478
32985
590041
28899
764132
129253
923877
981222
499943
991468
567535
688368
418036
946422
319738
176383
389377
440579
620808
319752
749833
33037
395534
149774
938254
788755
246037
835866
819482
426271
936224
55585
702753
16674
944419
934181
364838
500008
952617
438577
553265
676146
155954
155955
696627
123188
393528
139577
158022
975174
999754
954700
737614
569679
377173
649558
444761
821595
674141
49506
260451
129380
936293
549222
627047
119147
614766
686448
287090
184690
164213
983418
129407
346496
711044
938373
975238
110989
627089
864660
928149
702872
166298
125341
125342
997792
948643
776612
209317
887208
346539
856491
74163
487859
426420
614841
129466
782780
682429
682430
680386
926147
573891
125383
655819
752077
35282
289237
967128
700889
20955
20956
61917
727518
782814
928223
236001
125411
125412
866788
692709
125413
125414
692711
348651
999920
705010
420340
729589
512505
172539
649735
504330
479757
33294
125455
125456
662032
125457
903700
817684
999961
107039
588323
465446
643623
975400
623146
623147
49712
860720
33329
844337
797238
129591
965177
578106
352830
989758
176705
346689
154198
154199
668254
457312
361058
498276
166502
592489
156268
997996
938611
557683
361080
361081
365183
715402
936591
971407
940688
940689
303761
127633
797329
127634
381588
635541
230037
942743
946841
696988
696989
787103
856738
926371
946852
879276
445100
967343
623284
346805
316086
553656
27321
701116
359106
780994
197315
125640
817864
817873
156370
408275
692948
408276
721629
668384
35556
918245
707303
852713
465642
80620
975598
289525
213756
592638
592639
109311
262913
183045
170758
238342
170759
252684
869137
871185
33555
936724
815892
439061
819992
29464
414489
402201
33566
33567
863010
185123
768810
125740
297772
817964
125741
35629
715565
817969
125745
783156
582461
977725
959296
965442
715588
629573
627525
633670
971592
332617
35663
631632
162640
590673
289618
289619
625493
123739
123740
123741
123742
146271
660319
17248
187232
945005
355182
33648
873331
971635
838520
154490
154491
752508
992130
879491
2947
70531
902020
623503
549776
981904
91027
928659
936852
773013
254871
910234
154523
732061
72607
435105
979873
129955
623526
938920
527274
625579
445355
844719
654256
629688
105403
707517
832445
506818
725962
926669
685007
971735
299994
889819
183266
125923
125924
125925
963557
938982
418792
388076
697329
902131
314359
35832
154616
154617
967673
447482
986106
461819
375803
33788
715774
623616
332804
123911
166919
123912
787466
295946
678923
959499
285710
150545
183315
334868
750614
463898
97306
797723
97307
932894
304158
404511
793632
123942
123943
287783
934952
318510
117806
715823
939057
939058
648243
980022
937014
687159
357434
939066
357435
582716
910397
592957
302143
728128
289857
867393
334916
185418
865358
177233
62546
246866
119892
150615
967768
412763
332895
154720
130145
904290
926818
937067
711789
953454
619632
418931
580726
605303
306296
248952
31869
128127
939140
117893
126086
926855
91276
124046
124047
414863
124048
838800
838802
873619
928917
623767
939166
953502
451742
750753
631970
959655
937128
31915
521389
693422
933046
126138
892091
462014
119998
177343
378053
933066
933067
613580
924878
175311
93397
31959
949466
943326
875742
697568
625890
165091
943336
427243
173296
625904
779505
972023
793848
130297
128256
382209
435457
394499
754949
451845
111877
818438
435464
939273
259346
118036
347413
425238
937243
564513
988453
154925
927021
154927
929072
109874
591156
79157
310582
128314
302395
435517
318787
990535
263496
935240
636233
945481
425303
595287
705883
697691
333149
937312
957793
62817
111969
957794
816489
961902
898414
986479
241010
830834
834930
120187
484732
818560
718212
290183
464266
290188
818572
136595
355732
785813
615832
576921
775579
927132
937379
761252
398758
404904
933291
783796
818612
968117
959925
599478
708022
132537
124347
124348
574908
124349
327102
619966
138688
740802
669123
222661
996806
906696
126408
464329
437709
982477
148945
150994
857555
327126
327127
138712
466394
619996
619997
976349
619998
849374
644575
364008
953833
364009
658927
728566
714231
747002
284155
648699
177660
282109
355838
470530
906754
790020
667141
34313
222729
583177
708106
712205
17938
73236
966165
644631
171544
464409
927258
867867
196125
185886
691742
390688
937506
501287
579111
595500
491055
128560
601648
624177
493107
757299
810549
177720
3640
722491
392769
392770
593474
794178
689731
34375
945738
876113
972375
839257
153178
228954
153179
466523
177758
454241
695909
992871
185961
165486
636527
800369
966258
73339
73340
298620
499325
939647
439935
628352
818818
534152
691849
941706
622220
624270
7825
243349
698006
106141
939677
110239
110240
167588
980651
738997
439991
851647
980671
718530
587459
810693
52936
745163
644811
722637
175825
698069
386774
650968
945882
708314
370405
980712
945898
927468
714477
569070
923374
155386
571131
155387
448257
435970
835330
167688
489234
806674
796436
356120
212760
722719
126758
126759
184103
960305
173873
933682
331570
757558
319287
950071
878393
245562
313150
124746
124747
966478
393039
280405
399191
247639
124760
124761
999260
372574
577378
687971
888675
577380
395109
464744
135016
89960
939882
526203
165759
153480
577421
133007
173968
989081
442267
972704
214948
49063
718759
933799
939945
163753
970673
706483
591796
30647
249785
370618
339900
87997
874431
559039
819135
669631
946114
626627
155587
317381
927685
344007
651208
26568
34764
817100
145359
559062
790487
559063
790488
939996
184285
22494
184286
12256
720866
940005
974824
706538
966638
604144
720890
536570
1
720898
425986
688131
262152
32778
360460
19
720916
98326
163868
819229
30
426014
819230
229412
32808
98347
32813
163887
393263
491572
491573
294975
426048
32833
917570
720967
589896
75
196687
393300
32852
917590
32857
360546
360570
32892
32894
622718
32895
622726
589960
884873
950409
295050
917644
65678
917647
622741
721046
393366
950422
917658
360608
196776
65706
98476
360622
426159
32951
196793
590013
590014
32958
164033
393418
622799
426192
65746
196819
32982
196823
32986
131290
622811
884956
819430
196839
33001
327915
65772
196845
753906
786674
33011
393462
33027
426244
917766
327942
33036
164111
459023
950543
98575
622867
33044
98581
917788
164128
164134
295211
33075
590132
885046
33082
33083
33084
33085
524607
65856
229698
33090
131395
164164
328004
622917
164165
721239
196951
33118
393572
983397
164200
33131
917869
950641
164214
164215
786809
33146
786812
65918
950655
983429
819591
65931
33163
229775
721296
33168
33171
917910
950679
65944
164249
65945
131483
65947
65948
33180
229789
33185
590242
164259
524709
688555
33195
33196
164272
688560
623024
33207
360891
229821
721347
557510
131531
33230
464
623057
33235
33236
164326
33256
33261
66031
492023
819708
590336
33281
492034
518
33289
33295
819735
688664
33305
623132
262694
328233
623148
33324
655917
819758
558
197167
655923
655924
262713
33338
361019
623169
623170
66117
582
819795
197204
819796
33366
229974
590425
688731
426589
33378
590436
623206
295528
33385
33386
33392
626
164469
492161
819842
361090
819843
983688
66185
623241
721547
66196
950935
164507
688797
262814
98983
361129
328362
66219
426668
623283
393913
33466
361147
819899
950972
918207
33472
656070
688838
131788
33488
33490
492245
983769
33499
66271
164578
492269
361200
33521
262905
819961
262906
754427
66302
766
33535
767
33540
66313
262924
262925
164623
164624
33554
33560
492315
33563
688924
852765
656160
262946
33570
164642
688930
787235
197416
525097
164653
656180
66358
787255
590650
983870
951104
164677
328523
164689
295766
33623
983896
66394
66395
33628
33629
862
787295
492388
869
877
33649
459634
689011
33654
33655
951163
754561
918402
33672
230283
164754
590740
131989
590742
590743
230299
623521
33699
936
951
66487
656311
820153
962
426959
164815
164817
33750
361431
590808
328664
989
263142
689127
33768
426988
164848
99313
164851
1015
263164
459775
132098
492550
885772
361489
623635
164884
558111
361503
33823
689184
459810
590889
164915
263222
394296
721979
623688
164939
590924
33868
164942
525391
230479
722000
656467
33880
296024
296026
656476
722014
66658
754791
33900
394352
33904
164983
427131
689279
590975
590977
197762
66697
263306
1164
394384
230544
132245
951447
296092
787613
33953
558242
33960
1197
230576
66738
263346
623797
33973
1206
66744
1213
492733
689345
885959
197835
33995
754895
427220
34004
984279
66779
66780
165085
132318
984287
1248
132323
263400
1257
296175
132339
754932
460024
853240
591098
656637
263424
623875
197893
66824
951560
492815
99602
1299
328994
34084
230692
591142
984360
1325
34097
722227
132411
263495
689480
656714
197967
99664
197968
165202
525653
722262
492894
34143
591204
1380
34149
197991
66919
165224
34153
951663
820592
34162
34163
394612
1398
1404
132477
1410
394626
1411
689539
591236
722308
329094
296327
624012
165263
591249
230802
689555
34199
624023
263577
624027
34205
34206
656798
1445
1446
165288
984490
984497
66998
361910
263616
34243
99787
132563
984534
34263
34272
165347
165351
67047
722423
689657
263678
460286
460289
296452
460293
198151
919048
34314
656907
132624
34322
67090
722453
722454
624153
493087
460324
427561
34350
624176
427574
722486
132675
132678
34382
722512
67161
624218
198235
67167
198248
591465
362091
165483
591469
1646
1651
722547
34423
165496
362111
1664
394884
165517
34446
165518
722574
296593
722579
67221
820888
1695
34464
525985
67239
34472
263849
100016
329397
722616
1721
394938
984762
67265
558790
788166
329417
67273
67274
34509
132814
755408
394964
165590
165591
394973
362207
329440
362211
952041
34538
263915
67307
34544
165618
34548
624374
34561
165636
231181
34575
34576
67344
231189
1820
395040
722720
1824
395041
952101
362279
722729
263977
460588
1838
1842
67378
952117
1849
329531
362301
395071
1857
558914
558918
165702
165704
493387
1868
132941
34639
558930
34646
165719
952152
657241
165723
1885
34659
690019
34660
34661
34664
493417
558955
34669
34670
1902
34671
264049
493433
34685
493438
362368
722825
100236
624524
165773
362385
231316
395157
853913
34717
624542
624544
788386
526243
165796
395178
34732
591795
165819
821186
591810
165836
395213
67533
657359
624593
362449
624594
133076
2006
100310
67543
34776
788442
2012
591839
952291
133092
952292
362469
690161
591861
231415
428030
34816
624644
460805
67592
821263
34832
952344
231448
100381
67614
559134
395296
198688
428064
34849
2082
395298
952355
2083
34859
133171
2102
395320
2108
34882
297027
2116
34889
329801
34892
34899
624727
362586
493659
2143
2144
297058
34916
34917
34918
493676
198764
34925
34926
198768
428147
100470
34939
919676
133244
723070
985218
428165
166024
788619
100494
166030
559246
34961
133266
362651
821404
395423
198815
723103
690338
34986
2225
166067
493748
34996
297142
755899
395453
985280
592065
854210
592067
755907
2243
723143
35017
624845
198861
166093
264399
428240
624849
461010
690388
985309
100576
493792
592098
198882
493802
329977
166138
166139
67837
919806
67840
985345
493830
2318
35087
330001
330002
35091
330003
755988
755989
657685
35096
2328
100638
166176
461090
67876
2342
231721
395565
2353
395573
35131
166205
756036
297284
788806
35143
952658
166227
2395
35163
166238
35166
166239
166240
297313
67943
788841
264553
67946
67956
395649
35201
297345
395650
35205
395654
35220
35229
67998
166305
35235
493987
330147
362919
2473
952748
625069
985521
68020
559541
35254
35258
35261
330185
35276
35280
133587
100819
100821
68057
199129
428507
35293
166365
100830
166367
35301
166373
35305
854506
723442
35315
264693
854518
2552
68091
35331
2571
297494
2586
166427
428571
723497
199210
35372
657965
166447
330288
35377
199224
166457
35386
100922
330304
559682
35399
133707
166486
592470
166493
428638
2656
952930
166499
395875
35428
68196
625255
625256
658028
100975
625263
297583
68208
723568
166516
35444
35453
166527
526976
68224
330369
232074
723596
35477
68246
166551
232094
166560
101028
2726
395946
199339
166572
625324
199342
756401
953012
133814
166590
2751
133832
428746
166603
494284
166608
2772
133846
2777
363225
101084
199389
625375
166626
133869
101109
35577
625407
625418
396044
35601
789275
2846
461600
625445
363301
2854
396071
35627
2859
199467
2860
428857
166718
723778
199492
2885
133961
396106
625492
166742
133975
2905
461657
330586
953180
35677
461662
133982
625507
822116
396132
822118
35689
2927
330611
166776
134009
494462
2948
199556
461705
35721
35725
625554
330643
35732
691094
330647
789423
461744
35761
199606
35769
35773
625598
35778
396232
35788
854988
461774
396240
625619
723926
625624
68568
691173
461802
166891
789484
3057
396274
527347
527348
461812
3062
199672
625659
625662
494591
887810
986117
953350
723974
3082
723979
625681
3090
461855
494629
592934
35878
560167
560168
461876
35895
298044
920637
166982
68678
658503
461897
35915
658507
887883
527436
887886
461902
166995
592982
592983
920663
527448
953436
429154
167012
3183
855157
920698
494716
494717
3198
625797
724111
593042
35988
887959
593052
461981
625822
396447
35999
396448
36005
789677
756913
887986
330930
36030
527552
625860
167116
167117
3277
36047
822479
593112
68827
462047
68833
330977
134376
462067
756980
593140
593141
986367
134401
527617
68866
888069
986381
167184
888084
953632
36130
462114
625955
462117
658727
462126
691506
167219
724276
593207
593208
331069
298307
888136
167241
331089
626004
200021
167256
3418
626016
724321
724322
134499
658791
134503
888171
3438
527733
527734
626044
134525
822656
789889
593284
331140
3465
298386
134552
593311
167328
626081
167329
691621
69033
495019
36269
462256
167345
593330
691636
200121
396734
101823
200131
626117
953801
167372
757204
658908
200157
134622
527839
822758
396775
953832
69099
593391
3575
3594
953870
495118
298514
3613
495139
167466
233003
134709
724547
331332
167502
36434
790100
659031
626263
3675
495195
495203
167530
3697
3699
134772
3702
3703
527994
200316
167548
626311
626314
626315
36496
167576
462499
233125
691878
462505
626346
3760
626359
724663
3769
69305
102075
36540
167622
298694
986828
593614
36564
986840
134873
298714
3802
200415
3808
3809
3810
823017
331501
69363
167675
921339
790277
954124
3859
397075
954134
167708
462629
167718
134956
462642
331571
823092
823093
986935
364344
69438
36671
266049
495426
331588
397129
331598
626533
3949
3953
135026
495481
135043
888712
429975
298904
462749
36770
331682
397218
4010
429998
823215
69551
135091
495542
626616
4024
397240
4025
495549
69565
4030
135103
987072
69575
626632
167880
167881
36812
167884
4044
790476
4045
4046
954319
69584
233425
4052
692181
4057
724954
4062
200672
757729
69601
692209
692210
823287
69627
200699
299005
299006
462849
921601
4099
462858
167947
331788
4109
4114
4118
135191
299034
462874
299037
299038
135200
233505
135201
692259
954406
495657
626733
888880
626736
856113
954426
135250
102483
69717
823392
823393
462949
462951
299111
4206
364654
626799
626804
397435
4223
462980
200838
561291
200843
331918
37009
135328
626854
37033
725161
168107
4272
69809
626869
626877
4299
463053
856270
135377
4314
37082
168156
331996
463070
463071
954608
4338
4340
495863
4344
168188
692478
692480
37128
692494
69902
168207
168208
135443
135445
659736
168218
168221
135459
69928
4392
102696
463154
987442
463157
332087
4413
4418
69955
692548
102727
135495
332107
627023
954712
69978
37210
987484
725343
69987
495974
954728
102764
102767
37237
692602
70012
692606
954761
233868
102798
692623
692632
135578
332191
37283
561572
37284
102821
627109
233899
233900
725423
135603
659897
299451
692670
332223
102849
135619
135621
725462
725466
37342
37343
725471
692710
627182
430574
692724
266740
627190
168439
496125
102912
627202
332303
135701
135708
692776
332330
4660
37432
365112
201273
299578
692795
660032
365120
37446
627277
332369
332370
987732
234069
627291
37471
660063
332385
430691
791141
594536
692842
725611
168555
168567
135802
168585
332426
201356
135823
135837
299678
955042
103074
37545
594606
660147
168630
529091
168646
168647
135879
692936
201422
103118
168654
398032
987857
529105
168663
430811
627422
627423
135907
398051
725735
168680
168682
168683
168689
692977
627449
332538
168703
168718
824085
4885
135957
693013
824087
201499
135964
463661
365358
103229
136002
136003
136004
299849
136016
103252
693078
103255
791384
693090
168803
234340
168805
988009
398191
332657
660337
398195
627572
594804
168828
496510
70530
627586
463747
70532
299914
562060
5011
693141
332696
824218
725915
5022
70559
365472
5026
332711
299947
234415
857008
136122
725946
136123
758715
103357
332738
725957
857037
234452
463829
463833
627676
300001
463841
168931
300013
398317
300014
70638
922607
562168
791547
168959
660479
529407
300041
168969
5130
988174
594961
627734
398369
201765
70697
300074
201771
169019
332865
332866
791627
300111
169040
824400
693336
955486
332896
463969
136293
169064
169070
169073
234612
955511
463993
169085
824446
562313
300170
70796
169119
169121
5284
136366
332988
922814
595136
693441
70849
70850
693443
988355
726215
464075
464076
627917
758996
5332
136408
791773
496865
759019
169195
988400
955638
726262
70904
70909
136448
70917
70919
70921
464142
70931
693526
202009
234779
70940
70946
136487
70951
103719
333098
857391
431408
955703
726328
726329
333114
398651
398652
464189
988478
5440
136515
398662
169292
5458
169299
70998
824664
136541
693599
562532
726373
333172
5494
529782
71033
300423
628108
333197
234895
103825
136596
529813
333209
693665
71078
169384
333226
693675
431532
693677
5553
136626
300467
300476
857536
726469
169414
660934
660943
169423
759247
857556
234967
267736
464347
169438
169439
103905
267750
988649
726514
595447
464381
71170
562692
235024
529940
464404
693781
136726
792092
464415
5667
890408
333374
464452
136779
104012
235091
104030
890464
71270
857705
726636
300652
726637
497262
235120
235125
333430
693881
759425
202370
169602
398979
464515
530051
562820
398989
169616
202398
595615
890538
923308
431791
136880
333502
169667
267972
661189
169669
333514
136921
202462
988895
169699
300775
333547
366316
366317
366318
661230
399089
857848
366329
136955
464640
169737
661257
956179
988949
300829
169757
759592
169768
726825
366381
137008
169784
464697
71483
137026
857927
759624
956234
399184
137040
399185
792404
137049
5995
464751
71538
366450
333691
497532
169854
694147
300932
694151
333708
726925
726929
726930
333716
6037
595866
628637
726946
71586
726947
366500
530344
923560
726952
235436
399277
890799
366520
530362
71613
923589
333765
333774
137180
137182
530399
71651
301031
497639
989168
71665
595955
137209
137210
333819
333820
497662
71680
399361
759811
923652
137229
399373
104474
137244
137248
366627
301094
137254
727083
366644
792633
628794
366654
170049
301132
399437
563278
366674
170067
333907
464990
333922
989283
333936
399480
727163
170107
628863
759936
137346
104579
6276
956556
891023
71827
71828
170133
268438
235677
333981
301217
333985
202914
71849
170153
858292
137398
858294
334006
399546
399547
989374
71871
137407
137408
202948
334028
465107
989404
465117
956644
596197
137452
596218
334085
334093
694547
530708
334111
137510
334126
432438
170295
727351
170296
858426
71998
203072
399684
530757
399694
563538
72022
366936
629082
137563
629085
792930
432482
137571
39268
39271
235879
629095
727400
137576
727401
924018
629108
694649
924032
792961
301457
694675
137621
6550
301462
6552
563608
6554
399774
760231
203175
760232
72105
760233
235952
6585
301501
629182
301507
956870
596423
629192
334288
727522
72165
629231
367087
367093
367094
137725
563709
137728
367106
367122
170519
694815
694816
563744
367137
367138
334371
465445
334375
530985
137771
72235
72236
793135
793137
986936
742002
125848
388236
126315
122815
17970
425098
620844
958117
885573
398386
609915
716510
788511
496840
717097
717049
29576
724824
627846
627860
11434
784414
5163
827030
280355
566383
718162
419639
543283
712615
749380
95835
664070
560219
543219
522078
308135
930433
770754
175407
549359
748397
716433
279082
807785
748193
371420
278744
279356
548521
495828
671857
292169
535022
421011
236863
358802
322138
866737
724160
565610
170076
891908
336470
918545
10317
247071
945883
986973
955531
278729
279955
421079
511892
512012
259881
689997
711949
169528
947449
801311
559387
424312
16618
764616
390776
201328
595638
99745
265606
16439
848558
492783
201118
265396
561274
185789
679546
223218
629123
628584
628248
868610
297307
391453
217914
396533
885815
826988
105025
337027
59773
152427
278717
534926
151174
526223
491438
364790
364660
208379
475114
771957
632994
291979
64101
514619
814403
717127
69173
70085
724669
559788
720672
957604
342814
365437
439313
321539
321507
10487
918783
29924
559733
202541
371380
20403
176295
208287
725057
103826
98185
121953
736733
653177
987302
935757
175054
390014
806530
196377
256827
254878
126391
154808
149480
364021
364563
363724
822600
789023
699646
694517
601810
892453
6707
927748
61969
131141
869342
116079
181963
181860
11633
468403
736313
930719
727929
352902
634783
204740
269018
736242
632378
503266
46150
379937
474658
807956
21556
8307
854607
254667
4867
678598
4773
5214
3206
8409
920292
106343
124910
38762
519599
189638
972798
7024
989211
704820
789788
859935
287530
973814
74092
339510
103857
37601
290912
344793
351987
174823
780128
344883
795200
413930
162632
69768
770374
694617
353210
336721
340182
336943
340296
714059
44394
905839
516553
314339
112794
416682
8371
191068
541379
768461
190782
667219
991462
904003
706524
890961
774759
593521
141642
901301
459759
422291
624885
868268
827202
835946
836785
103962
446512
757418
673996
6316
672413
6648
673464
673597
768366
910726
217060
227375
659104
529299
364064
729920
227485
432257
826585
476878
51061
55378
476485
703186
550657
509972
696382
114693
192238
943075
632498
869299
764944
468874
375198
56535
754927
700418
795787
541418
307868
188181
475138
5155
762493
306773
598735
802754
284246
215391
381782
990763
517176
730249
709057
988313
134385
504085
924604
135281
77375
68687
157955
216219
216264
114829
38268
499352
339334
354563
694745
942656
296168
949077
520017
174004
413780
435533
753679
389863
131824
368334
512919
105882
234901
688022
513558
771202
38712
843975
63633
70657
185
614302
400300
177136
763294
523081
867760
728728
879945
748199
880057
15233
881078
792708
550546
36558
291627
333275
348441
402858
504091
145185
869142
869153
128584
713854
610011
28194
610125
856745
856427
566911
310793
804327
610849
239830
504986
306300
567110
519785
420152
677652
129488
251021
541996
199728
278544
134642
226829
298561
643974
150053
462282
541964
331328
307470
778995
352981
684346
935890
844561
240762
285475
185836
507975
508771
806653
806918
115069
106719
65151
401327
398352
378240
683931
831273
689489
156280
806655
560812
485970
553260
105048
2942
152292
709644
377175
944736
951070
952880
433141
225251
932534
932229
224792
72408
524023
224902
732207
403951
110613
749261
842834
141856
239382
844424
361950
221339
14218
875747
222238
600499
722642
882961
16429
708177
36538
562167
746931
934876
706771
562594
36267
932085
435345
619660
565419
455537
908244
565814
2176
872728
454263
886630
68299
779712
871066
49874
886222
480497
619829
87578
224263
561813
4009
871568
478814
701258
893601
225116
391655
843384
701919
541845
565484
2837
102903
171663
957845
236647
882
791852
368702
915482
930567
544275
59844
904911
882946
899809
988166
159953
544202
394507
486457
732473
923811
36139
710644
806773
465294
237161
871048
569837
374617
463781
956733
931632
919197
678385
158759
910119
864485
917832
987636
502126
775698
753772
208391
833335
987696
406020
400194
849742
948375
517923
413247
249062
942339
941776
413071
586780
248426
271353
880462
192537
832927
20845
880592
517238
731804
71819
480949
250786
239335
833086
598353
491737
987215
183334
957556
214501
133522
250884
123544
207435
541805
956542
913887
509041
522482
378239
411149
196686
275502
915764
908803
855295
850854
913942
490751
202612
741996
739835
730127
266890
618740
394982
253083
395932
2781
496660
947005
766416
705714
125095
862007
122309
855176
846198
987074
14836
876035
551101
408764
408462
239766
122220
408855
406324
823095
431595
669835
406273
527380
906773
551661
306132
104247
401804
551743
402106
905339
69035
778799
311367
678042
150588
736302
230295
55587
695462
861530
900097
869379
260648
861882
716686
57338
467531
609782
776491
30990
299398
744548
762362
392607
529249
534822
742644
2707
678139
322818
575505
743053
10065
889222
104121
398086
227542
778663
562123
533274
937126
401475
23781
606268
980997
917085
370619
669801
742474
829132
299884
139967
669812
517105
534769
960494
746345
70410
736271
370467
560627
878060
385598
998129
191115
546470
681907
889094
970797
123985
546496
207768
125539
48044
889039
190692
190621
855554
443320
722075
993773
919152
546767
899013
191317
907380
546122
914682
885741
546766
190728
191905
190587
967144
190999
191092
190630
190795
889916
857203
393121
546487
941084
191161
852717
443311
852354
839734
545314
886001
900649
956544
832999
191169
81001
546469
545926
919489
192051
885710
190996
190895
81147
191822
831905
768705
678788
609251
122827
102152
994263
703398
848283
889896
832895
801041
960691
708739
210617
852240
545164
443513
947002
681846
424029
835889
738323
796049
50685
282224
416604
533494
693394
448503
107281
292963
549505
79424
953387
403978
59308
956898
175336
112586
81533
368246
755045
340871
279274
279095
355111
340288
110691
278801
760097
151654
566738
30116
748799
491554
122623
305983
662906
201628
265906
822312
293118
997836
953177
292804
105778
199903
489692
123410
170547
264181
713777
720273
60607
259196
291948
292815
694164
472001
547650
295813
279883
5164
280705
352135
535320
669622
119833
287672
352498
187470
67875
220473
943689
947299
515025
682308
974597
998531
947091
883854
690807
896005
187569
462444
220026
895895
974381
221336
489179
207170
281457
404526
947153
884645
893231
196513
668296
884534
939004
884471
275329
460733
463571
947500
1239
1097
202033
930125
929813
172901
266311
27206
564657
976161
226696
185411
403958
222790
520833
183814
599042
530422
821288
126433
225852
425748
951179
501261
105686
670336
207290
670495
250269
391572
207212
28960
457942
27746
464669
457615
935054
538844
425904
4943
694189
426199
836747
426436
888753
167626
168136
881007
585355
872234
577159
167059
863602
59540
238549
2456
705074
402219
982379
880346
703786
982409
596714
60092
598221
842282
595438
596912
522296
652078
872343
859484
398827
595673
628383
522384
170274
169794
839672
439684
565415
683474
996921
522402
844665
925875
595090
565086
415400
706839
541872
628436
511412
877113
598020
748118
681834
746690
757348
748249
843782
842922
221426
670041
912216
3013
248825
667973
670049
919206
921139
482593
758296
749960
16210
921791
60556
945657
160375
61197
628273
210866
160084
112891
160422
779317
393441
635418
823063
809706
538200
617224
47658
45268
5868
55254
375418
653776
618842
807599
207868
476215
906750
569178
107468
762217
762237
5447
112942
543133
108097
51349
255657
325150
479784
258846
37728
994709
570259
997837
280624
259387
376741
695955
995722
50564
124488
807699
258018
476618
558460
344109
890779
826666
388851
53320
768332
175989
235792
262980
619025
870732
38699
866796
800663
153018
637614
847345
469613
153004
472169
38783
3109
504466
429332
55283
888820
172116
809598
5671
599751
57636
692410
57655
682785
140732
994044
639916
53230
56999
183058
928837
950313
228569
724587
724549
967581
279800
719738
181435
964785
358288
421656
695175
351923
678764
115622
376328
325865
323160
285272
376277
323464
100898
385044
695560
552019
483442
175802
307306
322999
696795
344536
176492
106704
263889
723928
803977
724084
123484
724022
724380
121179
353257
467684
126634
519420
485895
770827
9628
384850
262609
134502
281770
354520
99720
171817
113490
699682
184809
320826
340781
389095
184534
389108
467265
686147
79518
723692
376619
389392
163910
195048
315322
525034
525135
810070
273864
685550
810241
686904
690374
599095
690655
352368
504034
192803
282198
364519
780307
193016
521119
271619
581962
271832
514258
178811
821938
177646
181605
153488
803100
151491
514230
610681
292077
660288
495449
261319
278861
466909
278883
182520
610628
669381
253710
956762
291945
324445
612270
732351
746863
883543
159154
171008
421169
635097
432648
314657
771950
611164
356043
924659
427012
514893
294281
547839
432653
252957
179130
313059
732354
805512
584541
391916
4764
523802
432255
516193
108557
432201
98601
433270
166533
316210
988918
929720
320547
297239
63826
807092
288718
330988
806980
289370
180396
794096
180642
794244
169289
490546
493081
430058
22110
425926
619270
426123
291302
949727
703494
169992
312110
209723
841174
300398
179253
752817
366974
17748
313022
992617
753170
623693
508279
316441
20123
533853
941307
210295
429823
827391
703585
692150
286106
154522
519795
930391
520098
209454
176721
473448
507186
291507
46842
465248
239866
508549
210067
465687
688353
928942
219862
599560
62264
95777
390145
806212
130733
315452
165703
762035
806141
852753
237405
4697
730316
257002
684490
689860
4762
237923
313295
609704
923824
753346
762025
609725
923610
99133
609801
910799
390146
151376
923225
910776
814743
625928
825763
824256
469274
969214
799350
824098
469120
826041
964908
672308
69850
469133
673489
852385
263241
435760
519965
730317
181319
851615
704665
868634
730251
559601
385252
131106
521961
964696
723499
810088
770990
191030
814964
716659
70810
191258
852902
279215
180816
615497
389423
496904
787525
151548
71640
51122
524679
814659
22250
543777
201516
431199
224168
265794
60813
191546
224306
60576
886629
563997
564008
13183
564079
564042
670225
216184
798973
730999
15266
746930
670437
923810
919423
677878
931688
957511
826569
932968
670137
635998
561467
14819
706804
868704
378008
563093
843137
206138
75771
518898
270416
561976
911255
197634
932004
756088
276450
560974
889345
194905
781361
635838
831793
857201
273721
223919
562041
963040
390263
853890
842692
49919
847480
842806
905527
878854
207040
733579
201414
265692
880176
916432
743788
517060
113088
399714
990351
980673
81759
594141
16808
169659
997112
542941
513250
134090
868867
522080
988161
990875
906497
844432
795468
582149
652476
133524
596084
678602
196124
861121
274940
904713
13102
832528
864860
942769
197552
276368
248902
942665
974689
513985
863703
15015
170030
957547
991196
932152
200828
587110
248427
201476
265106
864170
682539
867988
265754
133095
596481
865240
991031
122511
249063
997013
985511
710374
931891
3609
376097
825865
561211
857411
21179
833633
872157
496661
66957
303406
543711
680146
481526
103181
110262
110297
409300
16124
83049
206711
562875
409216
860352
565920
563664
482225
562464
111651
22144
649785
82815
482972
433429
722217
983167
584652
368880
705421
433093
565207
528271
82652
155663
681654
289330
505280
637066
84496
208474
270989
91790
860104
452493
501457
636919
804378
805801
156120
148622
637382
975701
909930
454795
881298
454220
861015
429434
493040
44273
551817
409538
649234
450297
416526
488633
691380
64727
130820
92440
130251
555866
802436
878764
204944
14341
269222
706695
871611
208548
797
526540
63989
515239
601274
514554
823296
143252
840967
614009
234721
79623
57935
293130
43943
57604
659541
111896
332655
106809
129984
113673
502068
93482
329989
237312
969865
918194
93141
254253
970094
963672
806593
483605
806446
465233
961598
961273
515306
823579
508310
465105
409722
254162
779859
682423
237609
779947
683036
780218
961400
501800
50977
533951
81743
23650
254139
310969
795350
659322
30625
82122
104724
114563
261934
298585
466259
72070
423165
407883
616535
57481
370610
660458
800731
100177
795251
104716
780172
262656
227384
502176
504852
113742
450061
781626
535898
902765
255150
43941
857269
108060
505850
112192
832761
511690
877529
14248
111019
23370
426178
223703
351792
685252
563318
352400
390404
217222
364369
986823
714583
796844
796217
798456
94646
102595
223877
728773
692899
684893
108265
107170
934854
224186
69606
224188
245048
225161
841932
960091
425717
722073
686634
218249
618936
103148
967417
867765
798929
867801
867806
832431
432058
844703
255788
832118
391440
124994
391053
832092
658428
58485
152370
987336
831187
224453
663426
714896
224196
474159
728687
719601
878041
260074
223902
202196
336562
519174
424268
266474
872342
519198
978715
863583
864066
987600
367638
940644
579505
682647
309680
20868
882972
481816
394502
579460
521733
224693
108814
874263
868528
865734
519816
720428
227468
718511
736195
956811
862676
931087
869050
538855
862392
870832
419279
17874
117181
191606
104866
48560
158092
704965
200755
803788
265033
58507
393902
111360
411979
104901
526944
393719
598854
190505
17002
394163
70466
111601
48735
487873
573566
629630
394280
620307
836844
106690
16758
209842
679383
989070
931812
840781
696111
130155
222908
381253
840857
158608
843523
739920
956920
886242
202084
541921
266362
203964
601678
203958
268236
106873
872
380495
97244
770400
200980
712201
592736
503525
58892
16543
25262
635668
421525
504339
126762
631977
242188
635793
247250
503491
154080
26202
563489
606924
864195
63762
63379
510779
510375
866648
122907
866802
180374
510357
125178
832277
545955
123999
171298
545483
294478
246931
170737
333830
294751
132376
63947
149847
134029
732899
701435
123770
16507
658218
701657
573363
941202
658192
897908
748713
749036
74821
315732
748477
467058
86631
466937
94545
125422
180498
830041
281760
800616
977120
466326
465877
964643
88757
887214
780768
712281
545553
780732
141280
796645
943754
721699
395043
878541
543068
42902
394974
905999
224830
222535
885665
840629
514347
193620
258797
563976
272436
921304
12648
962557
885687
14576
842163
206975
905787
664178
70562
879323
664793
363189
394034
840298
395889
885927
803526
594154
902150
19151
954492
901163
886542
540600
682279
914346
394288
909628
205703
269981
732020
103756
103682
45826
929510
60460
410152
394168
223991
59707
876201
61507
126182
839998
226575
249859
383744
879326
868726
362604
841936
13414
868889
987478
511159
390821
832855
43098
61524
68718
601801
998058
62673
475400
587404
666481
860624
481713
929092
82246
928637
475757
541161
448233
546573
195737
359780
274553
519210
589531
54836
306578
442761
346559
113419
307708
57580
382669
422112
344579
468112
682558
827227
774710
379032
505422
306186
386628
55132
473167
559021
105722
113885
954796
887759
374273
341223
925843
682630
357486
704584
344185
350127
543353
12369
55736
196025
274841
520678
920816
442696
659953
520359
411763
421453
558650
442913
743215
458800
11960
361988
903369
888901
86661
545328
82927
828212
587884
579037
162803
473534
921462
814320
365266
365353
547063
69182
214449
566609
497354
187642
4490
4457
214475
554601
440896
30046
337194
306259
776961
234950
559990
498443
104882
293784
161744
290612
190535
497211
104971
554692
321611
554617
523702
99066
151645
787655
501915
710368
94528
261517
94526
190529
366228
261426
114300
312454
776967
825736
563905
357803
51303
525244
805687
776965
498491
869260
124074
106313
42882
337012
30205
122254
494271
825636
122700
94532
790898
428246
51399
365529
365285
560050
52746
295102
122033
87617
600785
281276
571817
469121
559569
31629
558357
482791
94976
426465
483146
130949
32170
68360
4784
932260
305045
4957
776801
5408
30171
803987
472860
61496
363397
633279
536469
724538
724529
122002
429041
40262
886310
85443
122082
604010
261528
403270
776721
546068
815293
814838
810003
889099
31091
525733
810913
151455
520724
105818
397040
815475
427122
469156
487399
348340
103409
305012
716524
724554
448994
105995
481329
699245
684422
30276
684755
511357
466823
818256
723270
850252
815277
30035
723215
982506
700271
396951
915967
816569
445486
915411
105955
204952
56064
634685
426480
292942
254802
702957
203720
686808
350527
175933
176597
176512
122772
343548
350434
363583
931784
526788
219735
452900
957689
91473
90432
452484
607007
585383
931604
965846
177512
294997
875893
437046
350853
294193
872317
290169
248404
351863
584423
571333
599173
333635
337131
210948
330919
711905
790261
281740
931628
487474
211983
509892
376126
451771
746504
637200
490581
294546
250227
659435
603348
501871
220312
564105
491165
979877
281033
261633
660727
528834
61885
440130
778058
421063
189266
342116
84335
279245
426834
159749
352576
447574
575742
255324
447612
446932
100938
99808
902789
106332
674574
749984
14772
4623
242430
188771
525082
4630
4554
784790
279489
279275
292781
257992
188768
278815
293693
172451
188787
278674
806386
493981
305019
336989
635607
241796
278998
749719
292520
292201
323663
292222
292192
305330
261703
804007
736496
305381
90128
515459
243182
214360
42549
708731
278798
292674
708719
42429
161791
160073
315632
337463
336770
350608
141695
466968
295690
292358
736352
30419
99682
79808
806145
48529
430796
803951
246578
312701
732269
351599
247261
122037
278637
427618
903876
336845
321572
859620
875849
867223
502074
87978
248829
569078
370489
719083
381318
514508
292469
814205
465858
422089
292181
467307
279639
385549
474871
364028
530271
252643
249846
326511
16519
70812
921842
421917
279170
120476
465958
203895
28601
268173
529970
497622
31170
735152
726190
214972
684686
397242
449988
436170
14510
545524
345829
660761
89562
467450
82790
169364
531606
234769
485958
87042
133396
124579
85624
823264
465835
70251
381049
957729
684899
840789
299014
58389
746701
747313
985176
809284
684408
478756
808825
350478
809173
525190
363510
241053
426756
353320
468178
525650
770595
566480
634527
458835
910741
514648
430486
13710
426883
10021
515955
427215
514206
9899
566510
791127
29483
336645
106152
790870
433174
525274
527457
790153
925006
13776
924153
794330
6827
369459
305119
458536
336660
353367
566528
427104
510252
978851
718019
780133
590943
717813
68364
510247
309588
713978
784788
729927
368856
979585
432501
174766
266819
80054
302247
458358
926623
368838
414358
414181
762723
596395
743345
743124
706157
827314
372950
176129
174502
110381
991692
291918
278725
296045
291938
353020
58968
903495
925261
800169
364341
828180
5963
955277
363739
140601
955290
802361
955312
5865
211874
742200
780840
637605
560083
106628
176650
366495
559966
297695
158479
232930
571553
822741
753213
802050
417346
869860
864425
773968
645120
573012
559765
450761
930803
572925
292079
419993
525355
573593
261811
826117
247783
770954
192730
271546
183203
800586
173986
417607
113981
599758
376233
128327
527609
863005
352920
424037
102660
102182
337056
104903
102030
515173
214306
559842
451826
678265
653519
599914
905060
678307
477926
678649
227825
905032
422521
103965
614982
210568
804076
965124
599088
632125
742315
237960
426089
478039
907104
140542
684418
732989
333573
21772
153962
470884
905133
378708
805254
805629
788119
742247
521880
443780
637662
423008
634491
854024
854182
637570
443530
514965
104362
443701
475351
805994
559828
905617
601236
768739
421551
4472
699493
621908
785230
105159
560055
817003
123529
607937
472390
637383
769901
607518
128360
822484
753988
375163
653288
823050
822644
637976
6428
556974
793183
638091
686485
792959
640564
715416
786368
442778
5232
475222
983625
555262
555280
763415
763463
5453
678014
391045
906657
979026
632506
640057
540207
770536
5195
768071
768135
437464
568987
537831
908701
930316
56229
787992
768172
763137
911927
685146
924148
994171
442751
768099
715691
615970
638020
38805
436863
885217
768253
37658
796059
885179
885240
907324
770568
790576
878480
768075
797077
569120
540541
477250
823485
38797
788108
476552
718992
770939
981352
442442
906859
907346
906633
786610
906700
56227
717936
465580
105527
172473
283707
795262
440932
825845
826344
140175
106032
534527
528396
842322
927813
551649
639196
500063
279053
516922
842429
279302
104846
827790
397646
139826
861021
535195
524882
795510
736536
448616
524808
502151
599948
719163
825758
116973
569579
122240
551695
960914
534585
911628
505300
340557
540700
401003
175211
185088
364268
763423
106715
117094
292422
923172
157737
724754
151183
365808
823965
292109
197251
276067
502156
525648
960983
547506
534714
458177
842355
448353
524952
725716
333397
343125
350511
521888
410004
297413
151172
117162
534571
174799
5559
703702
549052
887753
4995
4962
401031
603396
5330
4870
401179
4318
401938
101992
955056
549491
440193
151194
746092
225273
749867
324318
151167
473048
324041
376657
71553
473064
168613
787668
370864
900185
900665
721404
899679
631699
282661
667784
750304
989428
243300
526258
583240
633839
989037
376386
668010
179627
530176
465281
523760
114810
93261
376274
18758
151226
102201
458054
586862
458050
248615
183077
70890
297317
693085
432658
708782
14293
703439
326827
323878
19416
787844
584940
718058
498381
151349
525328
475037
573894
436009
637342
719478
751935
31912
30252
637184
133114
30920
281121
567930
71999
428737
69608
5300
330332
502522
871446
112458
239262
497454
787559
363497
68503
684695
458750
483609
458313
30326
733307
258811
599126
229563
31497
87369
5407
69218
179057
68438
83332
503138
68614
61869
331390
558383
958499
477543
363838
751111
230040
4956
429694
682536
452361
932261
325780
30634
664324
87259
336797
110347
72392
190488
521867
229915
85899
569043
84713
345870
795783
341969
131383
54539
426553
30433
31528
800190
968215
981755
194392
676649
893142
358964
333304
676916
100515
893318
648775
995079
994880
646457
237660
994843
996246
615911
39929
646723
673631
39915
100436
474069
100662
60298
568736
238018
757915
992293
770347
763655
437661
211345
995314
617542
789444
427286
746596
779040
675128
802897
615920
324421
69840
637561
221473
781663
445173
71014
673490
757540
959063
191220
87422
230982
757468
65491
524440
760264
771627
323319
604360
966845
674135
995152
757505
112809
696333
621330
159461
648424
983195
676298
802664
87176
60910
504958
667349
722054
771648
778559
675058
222050
630175
76140
550220
595172
30621
439789
174611
77775
238380
785934
154168
540894
188171
68317
595750
150585
153767
70158
7058
293048
523314
511429
854040
854149
845487
68341
430472
854005
466643
317042
413105
190187
522141
707409
703322
518561
753345
359420
205606
822342
473396
10746
269884
229320
474592
59436
703655
78905
664053
755276
466613
474575
8862
189879
434379
690065
390045
295030
429957
20579
588070
257381
323971
68319
583772
822944
362341
738340
745896
192500
419896
5866
392768
76102
641127
5841
845383
791495
15970
15259
58738
59485
680724
296716
69074
13218
76331
240849
792139
238937
368613
238117
5376
868079
940600
226128
753644
680729
394268
393434
214156
935077
920940
920718
621003
408584
15250
942386
771881
225493
927125
517651
61577
521215
641615
271316
94193
760621
515367
87794
729905
386569
382435
312806
506093
244431
844668
920180
527049
58830
888056
393598
729611
394052
22387
59594
93909
319857
871529
619435
291631
770693
70005
872156
70112
940727
181341
864368
238245
122505
622567
13465
15251
679852
17441
181566
316027
580180
680663
13918
331196
314250
67073
216888
6708
76101
685009
331976
5842
5867
72420
707838
72336
920719
916056
419897
920941
152616
403107
692721
539737
72696
13178
918222
916809
916065
918781
151908
152327
215707
696944
799787
57038
739897
348492
69075
345977
184270
534191
579946
221371
61578
106938
314940
221457
22889
419865
315923
935076
399396
368612
70113
349634
435441
225492
346088
920181
211985
802732
860443
15260
798777
23300
357155
515232
620591
171479
393308
392767
681364
181091
19047
946088
681990
333028
807447
867401
589796
5184
808138
4997
441231
35716
107024
925739
745448
33766
991059
144935
118634
190336
189623
39129
924794
723409
419669
641153
317723
124209
565720
479326
63705
857793
99967
641821
710264
771612
706484
328471
641946
477923
127599
83678
874482
183620
686110
549991
490780
749435
354678
991034
76237
369052
563410
686033
727674
422245
58773
118126
105756
422248
552452
127855
866997
617252
134455
43299
422214
35928
243889
127250
185286
155688
856228
35171
385061
802808
549989
189734
27133
116821
429237
550074
34407
369254
343525
161953
299551
160369
328306
512106
491771
5177
137232
284610
173565
5023
5500
6187
132200
5341
978240
978863
574628
548399
832127
355875
220975
973798
368979
178098
311211
980683
831863
222799
324615
173984
619768
474656
131795
721405
242348
688198
951092
293478
45987
17925
116200
29597
284202
742168
26987
795495
80770
308126
742180
300168
446971
323833
821854
281936
585101
370724
774260
661519
134119
258606
31632
31648
832401
445140
592104
169242
140658
283554
996037
610561
139309
112300
705929
288830
405291
1320
342082
95843
20843
18626
295780
123681
85693
83290
53175
690413
415493
503844
720244
689683
458649
23749
750411
587405
82274
619321
149730
110656
895177
113545
458341
685204
988792
84515
280540
826917
862986
132758
988921
201683
304150
602063
265961
552374
726383
972870
69110
157219
742529
518357
406204
601802
777319
254670
979661
892914
761038
458434
55363
412144
788450
749820
112304
23805
861652
763496
81722
82928
279994
155808
646254
859139
682606
222813
82479
415581
942902
477601
244952
82017
293140
887370
46946
461936
101199
503085
452328
748771
113534
519613
635966
462576
213595
632609
863434
966937
308355
307089
307564
186591
92701
95067
175045
437120
899672
599204
515246
246714
949328
172660
869621
768495
105419
126997
187911
705641
316785
807907
110446
552256
180877
840289
839889
186712
949099
323534
552366
173475
475666
635100
148769
712039
595528
535221
691999
300938
411617
304642
394107
157569
562459
877285
352852
285598
373932
672663
807850
924202
707109
543266
825284
543454
825337
950473
673987
822876
778842
778715
292361
775385
896614
779153
865729
673480
50581
832734
673387
870398
374487
673164
162748
670806
322638
574228
405367
352542
897859
904269
820611
519707
823899
995354
480022
753089
542038
4643
374653
667050
831105
683050
405842
753748
668534
574892
707003
980095
543091
980820
959851
672543
7391
667118
543371
132662
825162
980424
327074
669001
824519
38408
746607
674057
4564
42413
552535
834015
824621
616043
673380
882378
673081
506179
485877
257711
923443
348687
359177
192830
353533
312344
356305
325817
279441
280744
91711
508667
106646
112971
485446
485882
684403
176619
278728
442262
5224
338968
940534
470188
730157
323026
519535
322192
723289
324012
923161
294086
966941
342458
17516
691243
122518
533398
184784
261924
8105
292678
321983
499982
30903
153877
691381
378661
777061
7135
340866
560641
518218
376872
482396
603893
636509
66556
157490
439598
487251
372280
820990
122138
391656
879071
448557
448662
363460
439664
106927
255931
442046
487811
68501
174259
566142
526644
614279
4390
528658
525910
730417
717763
718592
600212
147957
698353
723472
836669
973590
698380
178109
16223
723528
323021
695647
13850
6302
20578
929766
692272
5144
113009
189650
307033
294661
122026
122090
121993
700737
695105
401120
436039
694518
214489
294532
14244
353667
309299
612813
107473
613171
112463
501688
690820
122233
214850
400903
474591
474655
4978
114681
705047
214585
479720
589935
15687
377267
474574
479554
903061
398304
307823
510400
903021
550852
354530
581167
581110
341418
132156
183905
342108
580888
973009
691513
825596
825766
281363
472935
355478
695197
742984
690451
950478
949853
443150
381559
32674
149219
229097
478007
58133
734959
58199
860064
131979
553735
746398
768396
754360
754244
740214
477919
746174
754136
379564
477668
734963
905952
400851
402180
397015
379466
539997
906296
56788
443110
774093
769994
911423
669498
671921
114624
906810
90790
664225
554037
554459
875872
996267
827078
843983
994393
840236
994228
665033
775113
773772
772314
773125
560712
410068
996731
46845
121875
894565
775023
972904
234283
226692
541327
539990
632914
774383
481886
226901
477591
489463
754089
668083
56554
689382
396970
386187
845923
977550
63837
546221
933029
400694
261807
777906
375898
477566
805968
560339
949106
964353
14755
981200
308072
22709
285609
79835
341048
175843
339933
827163
21980
826999
482497
780322
103931
37599
812494
314362
812385
176023
220614
820941
358071
82607
905616
905132
411517
453002
175766
327992
433320
957010
811894
179005
785217
413836
811671
954893
320144
151650
905059
311025
736546
910221
342308
228924
869251
791103
315964
306500
229024
329051
992160
30211
785284
311101
337178
187784
337282
309505
150983
341045
341084
152232
59429
954716
413894
371563
177846
283032
295753
178124
806874
494241
992924
885122
738040
378574
379014
598968
5880
289779
734481
289677
657906
750523
997994
998162
417152
478548
369606
535790
346534
99866
207277
117156
999229
408718
417192
9669
231547
326954
411595
411566
236009
739335
45269
653680
346543
744870
537153
8997
345081
134243
788681
8218
838247
76921
750166
139704
950093
283435
478635
503278
988533
651644
236649
914759
817686
8259
139405
342235
988758
411676
141212
355076
9000
838548
361097
7851
605500
26375
584097
714946
871870
571054
207291
164012
291668
148057
983720
359432
960124
591002
5857
1389
159730
395011
708193
885958
786811
392988
926549
594575
138833
129673
925045
124194
888229
112116
866052
598094
864010
483060
327485
922091
138342
138708
389019
482706
700195
388928
701171
437086
253953
17798
705430
766706
575286
5641
88749
747813
125623
858681
47422
246043
676288
124883
931313
47390
88744
388098
806645
919634
450250
951167
149945
184296
786826
946182
326040
908463
593578
47356
948965
594698
383385
437570
184577
813577
149516
128744
442283
85252
383669
550296
597924
195858
129387
731658
189260
274674
931208
212473
245718
14146
5213
340674
702351
5750
151236
479500
410324
122253
151333
151506
68544
104988
287220
533961
285344
873171
286090
121976
447069
325013
673390
991578
863419
652649
54222
632830
282953
872563
384260
491955
871696
640657
863877
417082
754052
470981
850851
5772
354030
220894
873339
947064
533809
772101
974296
250461
983386
863888
54225
287354
375922
376001
290225
679739
871389
590992
672723
234808
414718
5437
25886
371465
130745
749146
862766
816284
54264
112032
744190
829204
339240
214083
307869
421037
537055
417194
313687
851713
26931
566083
726523
960611
411717
493495
487741
638252
79548
451694
30336
691303
5084
168390
789691
79580
189094
789068
79696
5138
296791
961140
559574
426862
48571
336709
373664
953450
823640
534632
292634
700820
420624
699300
723373
719257
108519
716517
639813
823529
30440
79620
632208
51028
30674
558375
306171
16538
736481
390376
608899
336756
389989
521864
739140
53701
708755
957834
281602
389809
83191
426852
989539
852338
348075
777048
339032
957579
790928
389073
720067
466620
151186
560102
490525
448626
519294
380423
187598
187596
34121
566249
526572
823668
255755
426791
852453
681589
698139
406430
707634
68612
108330
406601
31835
255183
412765
73934
5653
412388
29422
238731
5012
6627
356987
758255
758834
870692
237178
8060
759788
165799
352116
236987
777955
128833
227502
353396
165711
163440
310416
861794
575049
5110
114434
229294
580075
293303
125796
327211
794441
260306
227212
78406
599680
752847
402766
177369
466700
234908
958648
573496
977037
279324
313229
200801
265079
512802
3846
757246
147567
599831
165247
803838
65300
335756
586262
335838
999880
233710
66464
440191
293468
188789
172264
376573
330007
691421
412272
290021
402512
228907
438104
944717
254360
992963
84314
57645
382267
57993
6123
56891
85541
945527
6192
571827
774030
898134
86102
405826
402541
6343
562017
774083
981862
986376
442635
397824
383992
164410
830007
781674
782154
10903
11730
399823
403006
938576
582964
250060
766042
907897
687585
479509
872673
863669
957081
89679
54978
571831
874240
907122
61584
919794
383966
253451
922049
920157
432848
598734
443063
160355
509155
398922
931380
42567
53570
149021
636082
928858
161427
388681
904678
475164
292722
590161
744599
493801
55691
293109
55566
744323
54902
249004
914442
109998
82669
496700
188729
478748
494297
152440
339633
541539
541492
294174
352562
315815
517274
781593
892861
300557
781199
292941
457767
303901
236677
457133
122642
500929
82912
122872
200796
515030
265074
188705
924156
321785
84010
781390
601599
915493
230345
5673
286143
453455
390009
356701
923686
305954
511660
602233
335881
365006
342291
430245
497632
141067
934337
426586
430373
435564
334696
560543
458433
305782
701089
310841
235349
50256
572638
924676
307077
365302
631828
772234
627789
713982
364376
344759
434935
293503
23884
64526
524842
65139
216139
924916
340622
694647
175770
323246
179420
175395
102078
233832
745960
745993
459172
101249
862947
367362
8612
242141
101261
357055
308469
233713
82784
263502
79602
806165
583553
242177
68594
433970
116465
887416
888916
68512
780194
637955
496342
310801
771871
915945
413794
467880
509064
448383
37709
459275
263039
917926
807124
448381
175304
355578
417100
23576
638008
30434
242269
336658
345058
323292
916190
870762
967217
989691
638102
781335
864394
841182
637968
323915
502488
80540
955272
249107
34673
610334
113250
865171
112527
158894
863411
667019
861771
755597
446585
870851
906435
446688
411892
951184
603713
666944
952895
146500
667418
604995
443095
870153
666774
540231
447486
862270
447470
6158
604318
699019
190762
448032
123205
666855
971125
447409
686920
603718
604948
676271
446326
758902
446232
447062
541413
811211
446291
666759
445847
824867
759564
692986
950954
951600
534437
673052
447615
447084
862036
447185
375552
447552
442859
253853
698204
758953
759977
6167
995790
684664
658013
4798
891344
513928
236559
500274
75999
340275
47195
578232
892439
779891
280913
235088
683190
583247
212545
228527
38460
39257
38490
39351
38397
427728
38500
737065
683230
754133
38393
254365
379462
39442
5830
750066
39480
38660
753522
229049
39436
736943
980435
238417
605011
378793
39406
754113
6004
5499
747492
743056
537655
38032
977596
747451
37674
38450
314738
674757
901261
232839
808371
38495
45409
411863
807646
254557
204660
238839
268938
742998
39431
730532
5115
562183
674080
44171
730669
110170
49565
900385
733715
510948
325065
900678
605418
605388
855946
5999
547523
219141
122045
405098
472375
369637
480475
467603
308262
84208
79638
261443
307829
312604
79528
748000
79553
105292
331837
736291
279393
324833
363623
152096
419768
31920
603409
152552
279070
540901
732965
37090
177666
279049
605061
363522
524947
748306
805039
744752
499357
279486
695973
994018
424310
821923
368542
116336
278928
169938
742279
749482
544114
584162
808819
30847
11738
63929
190423
227743
514182
190484
228165
361724
187755
401896
874026
507973
719189
339484
559881
601232
699421
600902
12275
429831
425907
742331
516066
823540
694810
744280
389803
694509
908603
5211
916109
239099
452782
556125
966411
917398
483179
966916
469634
214355
562323
469532
562251
595994
208338
389229
541839
389145
541889
863199
686203
214386
607932
214354
545950
579382
195128
225733
273944
685524
214651
16663
214785
254374
561522
29693
782220
223381
389133
515004
41984
221159
308648
208310
254474
432923
208258
753477
869817
703936
607693
930622
546260
865079
665056
515358
892844
205153
548680
334038
269431
809488
699696
256663
509559
255200
563047
329065
307958
659362
866053
125217
493440
256662
15098
258930
950376
52810
700689
48359
805374
25383
7237
381601
172684
383164
626572
716064
462136
65966
237441
228077
146598
320913
949157
580508
80130
851812
536562
381262
228708
864378
359667
777700
536549
531090
779004
851781
360588
318991
462469
228555
364587
360957
517634
420107
517464
47553
335100
14869
316639
359231
309138
990735
47561
212191
31643
352335
527386
170811
315139
624324
499252
526638
581124
795913
459258
153738
481609
308065
863285
201643
455651
778060
265921
65747
928201
477667
255084
232747
309312
565765
634623
453711
202896
339708
267174
199305
963859
833097
758104
758081
830147
830217
447559
447577
830132
373719
755598
871976
672523
657378
447775
6612
768413
6834
768167
768289
7171
6376
768338
768446
447421
217887
837914
672333
447717
952894
375080
217327
768544
569221
447168
446233
676272
446962
446689
6692
620522
446358
375145
666788
447160
44166
996812
445985
447403
853445
830127
309425
447209
446292
655909
996809
447091
38391
373764
446727
768119
190613
447343
645337
672730
447630
672636
886598
190991
832412
447063
190757
447770
475247
666757
864283
740243
31203
5278
336785
399367
781584
411641
112217
627994
421775
227388
780092
576151
509171
455217
168629
724747
455319
907633
402994
615794
436896
112208
400319
627816
780082
616084
500246
748821
336728
500668
311418
513243
151348
22391
903691
805550
23982
547698
628075
308142
170823
427284
321867
755195
503094
102079
292798
786447
98279
431084
533520
100263
505370
351270
686072
215202
548561
610061
548617
742059
432178
395339
39579
438428
39592
434294
614416
981404
222870
689928
283158
283055
467082
689947
46261
689998
192436
777151
101592
47079
103322
8564
848323
781951
46221
8402
192440
426645
112043
816034
271256
660891
418312
593594
331430
244500
845815
566368
655667
203911
192428
268189
271244
307615
271252
263578
228878
46395
364882
46025
238179
349114
781011
358336
238801
287403
593887
791909
780843
935964
442116
356855
635689
363958
238205
635448
203538
267816
358460
426655
47155
309905
781187
42746
263056
103327
364308
246365
698795
780505
711142
310475
690280
929685
686272
343712
370453
572543
249336
717549
101548
101196
46136
948518
372544
975008
141349
865962
699675
731990
656087
428745
423664
555527
838412
838648
838480
655178
825006
449099
423938
654280
6560
890256
428667
890693
448955
821712
563394
893191
380350
655704
591545
654976
714965
654582
380659
905853
428591
537838
655001
449203
616027
639193
674575
910997
821773
616263
757948
890113
890490
655435
423933
563584
652460
898341
448975
423107
757864
825019
654282
643171
890355
761782
656132
821852
423959
827693
397697
892967
593002
655335
881377
657673
643958
424117
838675
423176
7269
656646
716460
906109
655464
643215
381437
654705
759223
654336
656277
654018
673711
973465
831805
989396
453362
754772
628014
590708
413918
453913
754676
6321
536232
198171
276987
6413
5989
439221
694080
7094
512491
930044
6440
682414
140118
339276
307515
518559
574046
151552
186222
151890
582589
828400
473385
437995
480169
413913
754909
415603
72174
516851
480148
889767
988559
536201
536560
535994
940151
828324
560776
890063
50827
991038
310677
353904
973329
829023
5863
715440
545430
80672
229176
490019
897504
575515
602813
23651
130584
730220
415540
435703
573740
306946
458509
514978
410230
5167
48798
584907
536312
54153
536280
54160
125367
846637
191270
553013
39062
476004
546683
675309
397755
848657
617044
641183
422008
5635
901459
641803
401296
560584
173002
891088
682797
890029
641218
770217
410989
826915
675345
389623
917953
387016
810017
440946
768530
856372
49136
769997
641249
218073
374204
502781
474320
375986
45284
994248
616527
543998
891546
55683
204901
269179
37808
421939
701190
809881
51863
131425
855596
641508
415658
327223
800032
617683
616858
687323
826824
987885
985255
55346
190345
294117
698884
190120
125833
476609
641593
6937
376130
399747
754748
20657
870913
553930
157780
39874
447150
537622
479221
301437
992978
606380
52188
569962
6405
869634
576180
157002
861875
725944
228997
870558
781821
58168
258052
944767
782307
251521
303868
863273
250950
139673
50832
157836
56110
256979
304041
461701
457414
475404
396183
58267
109811
211639
813075
478950
433057
976555
44931
93292
974627
51731
475025
212503
902693
336377
240841
58374
804294
641445
252381
399368
332861
52083
881709
260843
477059
474781
991923
411854
909473
478857
51911
118273
983148
495408
976045
304536
328147
804639
479076
489306
826705
412035
998723
5504
5242
901848
878302
740020
5390
414228
669398
386754
7346
53298
102274
230466
686362
7758
997979
54581
540216
995472
102476
854558
7159
558026
755173
688542
51560
774849
685523
55410
974770
805921
848716
552589
807550
821585
54553
376423
230142
478315
477646
57115
876631
51841
542174
643394
970835
552772
472352
389087
612136
475437
669638
558445
773032
773933
388499
671998
768743
556943
409091
38851
558455
555352
475902
39072
852201
558714
821430
669491
55361
411859
855824
473989
579031
476592
409020
378795
754515
477823
57068
53513
685641
763427
899389
640356
38036
994346
520776
476957
213670
612244
640146
538413
37790
335382
538358
38802
48146
479037
46942
705781
888191
571846
641477
993766
137151
888810
520829
693104
479203
160323
46914
465641
51087
243576
51617
441361
767960
93590
405753
479919
6857
419611
107373
754310
54919
124972
188589
52294
46349
883884
767986
810378
714343
755116
641135
706369
911699
255425
640456
642029
441324
754394
701637
641684
510678
825259
55432
640421
107488
900553
472922
866627
476951
188606
683432
571928
477298
982590
115863
118479
124467
363516
161340
742152
112141
68038
745206
475045
743583
741851
814150
734709
477883
323185
814152
84205
133694
669445
188818
740000
283495
55223
734895
671904
294450
743433
254415
601141
745349
281459
768117
722077
744975
96764
672034
95358
740003
536443
323930
39707
600819
47256
65473
322621
715206
281763
536348
458077
23243
855200
10966
972834
487390
415786
188989
596171
281331
972355
528107
516836
54599
339463
657975
493473
257491
189130
53860
188839
745466
188863
86067
55241
487377
768202
216665
106848
477643
201509
265787
935682
716041
814169
358357
477616
772246
796810
31387
208693
19344
175303
535669
956344
322838
376276
511904
229951
458570
5877
785181
307427
3049
175724
778803
498271
418678
778562
827118
314437
467313
573893
727168
215642
748989
634609
858780
382191
131178
239136
517981
526919
468000
135992
338446
373414
931574
618312
69587
724411
354395
144877
373410
171385
307932
632146
131621
6214
3368
954006
468239
955612
378523
158152
768504
716576
590027
161777
696519
778355
162869
437731
165325
465284
378069
334110
704014
475458
165682
511509
748389
519433
743245
789959
568140
537830
572160
570883
39339
862743
6430
768112
541740
768142
6124
6804
655162
543487
5912
768033
543444
768100
655785
768076
567938
638187
89419
417477
862388
953091
768031
787935
718993
568134
86748
981353
996257
407977
768090
862092
543096
568026
767868
768171
953089
871112
755856
88026
655468
953127
839323
571614
7486
893149
768134
770466
567953
755913
953084
770569
571147
710200
683818
408439
907911
885180
820764
541738
755808
652548
767906
422210
986791
953086
767860
655057
953080
568062
568207
716260
852294
211829
567966
467326
839336
185634
78216
596079
4924
325785
864793
156527
7157
587152
875636
972288
887421
807562
475175
795689
399103
217444
496198
494416
5885
796038
126227
5826
503056
479958
788868
700656
403628
418723
82668
503867
771492
698104
540523
398093
788552
913106
480069
824228
92112
980085
78764
921447
540526
493397
640970
57775
782102
411467
616437
426230
760868
811185
913286
498683
770357
887490
688321
769128
713307
807844
578585
473252
413734
84315
84587
418509
502929
221702
788911
955044
735945
426419
578138
887224
913284
480307
982022
176140
176816
226740
225776
117954
906834
30766
55928
98957
99093
711409
139670
168946
753746
753861
711790
174187
703272
192727
381789
469328
57922
198752
469341
271543
204614
277568
193492
205579
268892
204280
272308
935570
699496
268558
200667
269857
700028
264945
6609
419927
379088
435407
816921
503449
23285
898552
492724
711414
226993
107323
419990
965283
483587
476181
333464
686318
742311
281165
407988
461696
329805
200534
481645
448667
739320
264812
170787
433657
168452
31647
56030
694441
791699
448804
726890
612577
704220
169197
663156
503042
97407
524281
506257
106805
128617
199687
130152
383272
190493
190271
574996
256424
934377
6853
405640
573991
986963
470408
86188
88691
381435
184197
233221
986975
869540
894402
598327
345777
873454
492135
75711
132457
691026
881561
218875
232737
167398
385278
475262
479994
119401
196356
275172
196754
121226
275570
278503
630755
879150
156157
459180
900541
49027
869615
150838
898465
793684
106635
492565
156433
410992
106294
646968
939380
553386
489825
258419
946426
196411
275227
414034
125408
458876
428364
456268
747466
39252
118875
861657
414709
257332
148815
494374
841561
200032
923208
179639
569260
66683
437048
314481
735215
547237
188779
312599
123845
547350
736348
625854
64405
55790
55897
168854
353104
55821
13271
55987
338867
804114
690462
547224
56067
472467
442826
471421
698856
602419
517519
422129
242863
15218
560003
522526
168750
602092
411562
516508
158809
516513
602878
518966
227188
429433
79649
256851
729981
79445
242565
62141
831381
729983
817015
746947
227242
600086
415444
408924
426817
279068
377141
426975
433078
655775
559974
7364
653610
209339
370178
614872
471429
949065
344586
282562
812890
917157
661211
874762
937405
481177
923001
112907
924024
953370
107018
823588
222183
936145
234784
335363
226375
404281
790536
823106
197815
276631
107717
6553
197218
276034
873903
7616
797012
237354
188398
322388
397769
667393
119691
87582
762021
179380
734888
563616
107873
646139
745846
916330
484433
125158
461998
923753
953973
310169
456105
455580
36691
64904
456833
429113
132233
487525
691796
403734
738332
434088
504606
64391
906528
682353
544496
514234
827619
748552
322349
819540
94834
72030
703915
496823
887919
304017
282536
114265
298867
509881
87440
113601
120210
324333
284144
890258
218377
194189
203370
821033
273005
267648
775424
100947
535056
775001
890601
203071
141798
141997
267349
806733
427201
427145
162731
361914
865359
861035
467642
199613
76369
714570
278429
484828
346497
182647
520852
119841
346182
74020
680220
406709
197116
511749
363026
978819
275932
455034
362691
665365
280766
664932
508737
335662
120265
283433
707771
499712
336450
7903
197164
503919
275980
347215
296492
539659
508178
394342
374748
412019
296704
10466
609360
90581
393450
354842
890509
609085
110732
817468
157445
171543
45225
441307
179246
32969
87779
63070
62076
908325
30911
787224
322937
581325
907550
468269
751841
108434
30630
482803
61855
860535
788639
582621
170729
633822
110601
785837
171405
172717
633455
316406
481301
509115
728077
926212
364179
466809
793515
578628
632674
721459
804388
306279
630629
441344
927103
805389
31860
106942
96514
633700
787104
35733
975437
8578
632628
793039
492012
511266
836719
80557
88231
321665
949086
469409
433905
76912
31560
647891
586987
482207
577592
156643
956638
431652
594487
466230
415995
174902
998545
496766
616708
496772
47148
547884
465039
730884
497288
924921
464954
151237
92163
464949
618428
979096
184341
527682
115764
411896
874000
61297
69895
68818
133741
822668
547324
151297
544334
914124
184601
544739
658312
219745
547359
234634
534886
96917
366631
984645
382154
151619
698943
441565
615280
366310
143040
473826
681130
419946
142740
532210
9792
874069
9208
524193
496683
311687
685583
244520
289265
430594
324786
956924
322080
595606
698999
522327
609727
547147
619180
498884
112159
94370
528270
829803
468983
534426
637590
542509
6070
919617
674756
873256
138184
5967
673324
411888
8486
118923
673335
862760
8069
7489
445808
374258
7080
136445
113497
579385
865087
971540
227994
865265
673970
447850
874286
864672
446555
833033
132665
141894
538504
901066
191990
873728
396465
763199
963407
824525
672819
862196
674079
673581
536512
132169
672350
579134
570159
656427
374106
760147
971323
468907
134555
875589
673584
228376
870226
673207
930272
568063
611526
132513
140449
899719
861956
536656
113423
826340
886153
672363
886268
606928
674639
569833
824181
610275
188742
986626
981508
599858
280948
172173
693571
591140
900930
610680
588905
7451
420058
870629
66816
7188
171970
619931
498233
918058
419716
779610
304552
294471
478826
344404
605641
648799
869732
759718
983464
978324
349682
252867
303382
243468
342722
939326
590020
939686
165357
807512
319934
348842
257772
81795
296696
293607
345923
537245
875942
171509
243295
755782
745636
896741
771732
862223
601682
870792
455179
587679
954139
694771
353189
335185
199167
329676
277983
332192
592576
771495
925783
592503
258925
98032
367992
989221
869748
807502
329277
974431
907953
751035
402674
687798
131139
182466
956361
11873
366090
181436
831158
224138
833230
840245
223910
834026
603552
365342
11237
830564
438877
390550
839757
805029
986179
805838
13008
298178
510579
787286
779841
902697
896719
914858
