10000
167941
178184
616463
616464
559120
106515
290839
778264
909336
561178
581667
743460
108580
696359
108583
108584
976937
589865
968746
589866
448555
888879
747572
622647
776253
585790
311365
440390
720968
624713
815181
108623
108624
993360
127061
127062
946263
397400
32856
649307
311388
155741
311389
841821
34911
847970
878691
389220
313445
737381
841829
153701
129127
628841
860267
884844
213104
434290
999539
940147
346228
882806
626806
548983
108664
940153
938105
997498
92284
628861
628862
194690
751746
630915
792710
53383
952463
952464
2192
28821
802978
581794
970915
559268
936100
549029
600233
671913
559275
936110
725167
661681
927926
450742
612535
592055
123065
125115
590012
903360
702658
702659
981189
927941
614597
774346
968907
334027
125132
334029
559311
981199
131279
979157
139478
32985
590041
28899
764132
129253
923877
981222
499943
991468
567535
688368
418036
946422
319738
176383
389377
440579
620808
319752
749833
33037
395534
149774
938254
788755
246037
835866
819482
426271
936224
55585
702753
16674
944419
934181
364838
500008
952617
438577
553265
676146
155954
155955
696627
123188
393528
139577
158022
975174
999754
954700
737614
569679
377173
649558
444761
821595
674141
49506
260451
129380
936293
549222
627047
119147
614766
686448
287090
184690
164213
983418
129407
346496
711044
938373
975238
110989
627089
864660
928149
702872
166298
125341
125342
997792
948643
776612
209317
887208
346539
856491
74163
487859
426420
614841
129466
782780
682429
682430
680386
926147
573891
125383
655819
752077
35282
289237
967128
700889
20955
20956
61917
727518
782814
928223
236001
125411
125412
866788
692709
125413
125414
692711
348651
999920
705010
420340
729589
512505
172539
649735
504330
479757
33294
125455
125456
662032
125457
903700
817684
999961
107039
588323
465446
643623
975400
623146
623147
49712
860720
33329
844337
797238
129591
965177
578106
352830
989758
176705
346689
154198
154199
668254
457312
361058
498276
166502
592489
156268
997996
938611
557683
361080
361081
365183
715402
936591
971407
940688
940689
303761
127633
797329
127634
381588
635541
230037
942743
946841
696988
696989
787103
856738
926371
946852
879276
445100
967343
623284
346805
316086
553656
27321
701116
359106
780994
197315
125640
817864
817873
156370
408275
692948
408276
721629
668384
35556
918245
707303
852713
465642
80620
975598
289525
213756
592638
592639
109311
262913
183045
170758
238342
170759
252684
869137
871185
33555
936724
815892
439061
819992
29464
414489
402201
33566
33567
863010
185123
768810
125740
297772
817964
125741
35629
715565
817969
125745
783156
582461
977725
959296
965442
715588
629573
627525
633670
971592
332617
35663
631632
162640
590673
289618
289619
625493
123739
123740
123741
123742
146271
660319
17248
187232
945005
355182
33648
873331
971635
838520
154490
154491
752508
992130
879491
2947
70531
902020
623503
549776
981904
91027
928659
936852
773013
254871
910234
154523
732061
72607
435105
979873
129955
623526
938920
527274
625579
445355
844719
654256
629688
105403
707517
832445
506818
725962
926669
685007
971735
299994
889819
183266
125923
125924
125925
963557
938982
418792
388076
697329
902131
314359
35832
154616
154617
967673
447482
986106
461819
375803
33788
715774
623616
332804
123911
166919
123912
787466
295946
678923
959499
285710
150545
183315
334868
750614
463898
97306
797723
97307
932894
304158
404511
793632
123942
123943
287783
934952
318510
117806
715823
939057
939058
648243
980022
937014
687159
357434
939066
357435
582716
910397
592957
302143
728128
289857
867393
334916
185418
865358
177233
62546
246866
119892
150615
967768
412763
332895
154720
130145
904290
926818
937067
711789
953454
619632
418931
580726
605303
306296
248952
31869
128127
939140
117893
126086
926855
91276
124046
124047
414863
124048
838800
838802
873619
928917
623767
939166
953502
451742
750753
631970
959655
937128
31915
521389
693422
933046
126138
892091
462014
119998
177343
378053
933066
933067
613580
924878
175311
93397
31959
949466
943326
875742
697568
625890
165091
943336
427243
173296
625904
779505
972023
793848
130297
128256
382209
435457
394499
754949
451845
111877
818438
435464
939273
259346
118036
347413
425238
937243
564513
988453
154925
927021
154927
929072
109874
591156
79157
310582
128314
302395
435517
318787
990535
263496
935240
636233
945481
425303
595287
705883
697691
333149
937312
957793
62817
111969
957794
816489
961902
898414
986479
241010
830834
834930
120187
484732
818560
718212
290183
464266
290188
818572
136595
355732
785813
615832
576921
775579
927132
937379
761252
398758
404904
933291
783796
818612
968117
959925
599478
708022
132537
124347
124348
574908
124349
327102
619966
138688
740802
669123
222661
996806
906696
126408
464329
437709
982477
148945
150994
857555
327126
327127
138712
466394
619996
619997
976349
619998
849374
644575
364008
953833
364009
658927
728566
714231
747002
284155
648699
177660
282109
355838
470530
906754
790020
667141
34313
222729
583177
708106
712205
17938
73236
966165
644631
171544
464409
927258
867867
196125
185886
691742
390688
937506
501287
579111
595500
491055
128560
601648
624177
493107
757299
810549
177720
3640
722491
392769
392770
593474
794178
689731
34375
945738
876113
972375
839257
153178
228954
153179
466523
177758
454241
695909
992871
185961
165486
636527
800369
966258
73339
73340
298620
499325
939647
439935
628352
818818
534152
691849
941706
622220
624270
7825
243349
698006
106141
939677
110239
110240
167588
980651
738997
439991
851647
980671
718530
587459
810693
52936
745163
644811
722637
175825
698069
386774
650968
945882
708314
370405
980712
945898
927468
714477
569070
923374
155386
571131
155387
448257
435970
835330
167688
489234
806674
796436
356120
212760
722719
126758
126759
184103
960305
173873
933682
331570
757558
319287
950071
878393
245562
313150
124746
124747
966478
393039
280405
399191
247639
124760
124761
999260
372574
577378
687971
888675
577380
395109
464744
135016
89960
939882
526203
165759
153480
577421
133007
173968
989081
442267
972704
214948
49063
718759
933799
939945
163753
970673
706483
591796
30647
249785
370618
339900
87997
874431
559039
819135
669631
946114
626627
155587
317381
927685
344007
651208
26568
34764
817100
145359
559062
790487
559063
790488
939996
184285
22494
184286
12256
720866
940005
974824
706538
966638
604144
720890
536570
1
720898
425986
688131
262152
32778
360460
19
720916
98326
163868
819229
30
426014
819230
229412
32808
98347
32813
163887
393263
491572
491573
294975
426048
32833
917570
720967
589896
75
196687
393300
32852
917590
32857
360546
360570
32892
32894
622718
32895
622726
589960
884873
950409
295050
917644
65678
917647
622741
721046
393366
950422
917658
360608
196776
65706
98476
360622
426159
32951
196793
590013
590014
32958
164033
393418
622799
426192
65746
196819
32982
196823
32986
131290
622811
884956
819430
196839
33001
327915
65772
196845
753906
786674
33011
393462
33027
426244
917766
327942
33036
164111
459023
950543
98575
622867
33044
98581
917788
164128
164134
295211
33075
590132
885046
33082
33083
33084
33085
524607
65856
229698
33090
131395
164164
328004
622917
164165
721239
196951
33118
393572
983397
164200
33131
917869
950641
164214
164215
786809
33146
786812
65918
950655
983429
819591
65931
33163
229775
721296
33168
33171
917910
950679
65944
164249
65945
131483
65947
65948
33180
229789
33185
590242
164259
524709
688555
33195
33196
164272
688560
623024
33207
360891
229821
721347
557510
131531
33230
464
623057
33235
33236
164326
33256
33261
66031
492023
819708
590336
33281
492034
518
33289
33295
819735
688664
33305
623132
262694
328233
623148
33324
655917
819758
558
197167
655923
655924
262713
33338
361019
623169
623170
66117
582
819795
197204
819796
33366
229974
590425
688731
426589
33378
590436
623206
295528
33385
33386
33392
626
164469
492161
819842
361090
819843
983688
66185
623241
721547
66196
950935
164507
688797
262814
98983
361129
328362
66219
426668
623283
393913
33466
361147
819899
950972
918207
33472
656070
688838
131788
33488
33490
492245
983769
33499
66271
164578
492269
361200
33521
262905
819961
262906
754427
66302
766
33535
767
33540
66313
262924
262925
164623
164624
33554
33560
492315
33563
688924
852765
656160
262946
33570
164642
688930
787235
197416
525097
164653
656180
66358
787255
590650
983870
951104
164677
328523
164689
295766
33623
983896
66394
66395
33628
33629
862
787295
492388
869
877
33649
459634
689011
33654
33655
951163
754561
918402
33672
230283
164754
590740
131989
590742
590743
230299
623521
33699
936
951
66487
656311
820153
962
426959
164815
164817
33750
361431
590808
328664
989
263142
689127
33768
426988
164848
99313
164851
1015
263164
459775
132098
492550
885772
361489
623635
164884
558111
361503
33823
689184
459810
590889
164915
263222
394296
721979
623688
164939
590924
33868
164942
525391
230479
722000
656467
33880
296024
296026
656476
722014
66658
754791
33900
394352
33904
164983
427131
689279
590975
590977
197762
66697
263306
1164
394384
230544
132245
951447
296092
787613
33953
558242
33960
1197
230576
66738
263346
623797
33973
1206
66744
1213
492733
689345
885959
197835
33995
754895
427220
34004
984279
66779
66780
165085
132318
984287
1248
132323
263400
1257
296175
132339
754932
460024
853240
591098
656637
263424
623875
197893
66824
951560
492815
99602
1299
328994
34084
230692
591142
984360
1325
34097
722227
132411
263495
689480
656714
197967
99664
197968
165202
525653
722262
492894
34143
591204
1380
34149
197991
66919
165224
34153
951663
820592
34162
34163
394612
1398
1404
132477
1410
394626
1411
689539
591236
722308
329094
296327
624012
165263
591249
230802
689555
34199
624023
263577
624027
34205
34206
656798
1445
1446
165288
984490
984497
66998
361910
263616
34243
99787
132563
984534
34263
34272
165347
165351
67047
722423
689657
263678
460286
460289
296452
460293
198151
919048
34314
656907
132624
34322
67090
722453
722454
624153
493087
460324
427561
34350
624176
427574
722486
132675
132678
34382
722512
67161
624218
198235
67167
198248
591465
362091
165483
591469
1646
1651
722547
34423
165496
362111
1664
394884
165517
34446
165518
722574
296593
722579
67221
820888
1695
34464
525985
67239
34472
263849
100016
329397
722616
1721
394938
984762
67265
558790
788166
329417
67273
67274
34509
132814
755408
394964
165590
165591
394973
362207
329440
362211
952041
34538
263915
67307
34544
165618
34548
624374
34561
165636
231181
34575
34576
67344
231189
1820
395040
722720
1824
395041
952101
362279
722729
263977
460588
1838
1842
67378
952117
1849
329531
362301
395071
1857
558914
558918
165702
165704
493387
1868
132941
34639
558930
34646
165719
952152
657241
165723
1885
34659
690019
34660
34661
34664
493417
558955
34669
34670
1902
34671
264049
493433
34685
493438
362368
722825
100236
624524
165773
362385
231316
395157
853913
34717
624542
624544
788386
526243
165796
395178
34732
591795
165819
821186
591810
165836
395213
67533
657359
624593
362449
624594
133076
2006
100310
67543
34776
788442
2012
591839
952291
133092
952292
362469
690161
591861
231415
428030
34816
624644
460805
67592
821263
34832
952344
231448
100381
67614
559134
395296
198688
428064
34849
2082
395298
952355
2083
34859
133171
2102
395320
2108
34882
297027
2116
34889
329801
34892
34899
624727
362586
493659
2143
2144
297058
34916
34917
34918
493676
198764
34925
34926
198768
428147
100470
34939
919676
133244
723070
985218
428165
166024
788619
100494
166030
559246
34961
133266
362651
821404
395423
198815
723103
690338
34986
2225
166067
493748
34996
297142
755899
395453
985280
592065
854210
592067
755907
2243
723143
35017
624845
198861
166093
264399
428240
624849
461010
690388
985309
100576
493792
592098
198882
493802
329977
166138
166139
67837
919806
67840
985345
493830
2318
35087
330001
330002
35091
330003
755988
755989
657685
35096
2328
100638
166176
461090
67876
2342
231721
395565
2353
395573
35131
166205
756036
297284
788806
35143
952658
166227
2395
35163
166238
35166
166239
166240
297313
67943
788841
264553
67946
67956
395649
35201
297345
395650
35205
395654
35220
35229
67998
166305
35235
493987
330147
362919
2473
952748
625069
985521
68020
559541
35254
35258
35261
330185
35276
35280
133587
100819
100821
68057
199129
428507
35293
166365
100830
166367
35301
166373
35305
854506
723442
35315
264693
854518
2552
68091
35331
2571
297494
2586
166427
428571
723497
199210
35372
657965
166447
330288
35377
199224
166457
35386
100922
330304
559682
35399
133707
166486
592470
166493
428638
2656
952930
166499
395875
35428
68196
625255
625256
658028
100975
625263
297583
68208
723568
166516
35444
35453
166527
526976
68224
330369
232074
723596
35477
68246
166551
232094
166560
101028
2726
395946
199339
166572
625324
199342
756401
953012
133814
166590
2751
133832
428746
166603
494284
166608
2772
133846
2777
363225
101084
199389
625375
166626
133869
101109
35577
625407
625418
396044
35601
789275
2846
461600
625445
363301
2854
396071
35627
2859
199467
2860
428857
166718
723778
199492
2885
133961
396106
625492
166742
133975
2905
461657
330586
953180
35677
461662
133982
625507
822116
396132
822118
35689
2927
330611
166776
134009
494462
2948
199556
461705
35721
35725
625554
330643
35732
691094
330647
789423
461744
35761
199606
35769
35773
625598
35778
396232
35788
854988
461774
396240
625619
723926
625624
68568
691173
461802
166891
789484
3057
396274
527347
527348
461812
3062
199672
625659
625662
494591
887810
986117
953350
723974
3082
723979
625681
3090
461855
494629
592934
35878
560167
560168
461876
35895
298044
920637
166982
68678
658503
461897
35915
658507
887883
527436
887886
461902
166995
592982
592983
920663
527448
953436
429154
167012
3183
855157
920698
494716
494717
3198
625797
724111
593042
35988
887959
593052
461981
625822
396447
35999
396448
36005
789677
756913
887986
330930
36030
527552
625860
167116
167117
3277
36047
822479
593112
68827
462047
68833
330977
134376
462067
756980
593140
593141
986367
134401
527617
68866
888069
986381
167184
888084
953632
36130
462114
625955
462117
658727
462126
691506
167219
724276
593207
593208
331069
298307
888136
167241
331089
626004
200021
167256
3418
626016
724321
724322
134499
658791
134503
888171
3438
527733
527734
626044
134525
822656
789889
593284
331140
3465
298386
134552
593311
167328
626081
167329
691621
69033
495019
36269
462256
167345
593330
691636
200121
396734
101823
200131
626117
953801
167372
757204
658908
200157
134622
527839
822758
396775
953832
69099
593391
3575
3594
953870
495118
298514
3613
495139
167466
233003
134709
724547
331332
167502
36434
790100
659031
626263
3675
495195
495203
167530
3697
3699
134772
3702
3703
527994
200316
167548
626311
626314
626315
36496
167576
462499
233125
691878
462505
626346
3760
626359
724663
3769
69305
102075
36540
167622
298694
986828
593614
36564
986840
134873
298714
3802
200415
3808
3809
3810
823017
331501
69363
167675
921339
790277
954124
3859
397075
954134
167708
462629
167718
134956
462642
331571
823092
823093
986935
364344
69438
36671
266049
495426
331588
397129
331598
626533
3949
3953
135026
495481
135043
888712
429975
298904
462749
36770
331682
397218
4010
429998
823215
69551
135091
495542
626616
4024
397240
4025
495549
69565
4030
135103
987072
69575
626632
167880
167881
36812
167884
4044
790476
4045
4046
954319
69584
233425
4052
692181
4057
724954
4062
200672
757729
69601
692209
692210
823287
69627
200699
299005
299006
462849
921601
4099
462858
167947
331788
4109
4114
4118
135191
299034
462874
299037
299038
135200
233505
135201
692259
954406
495657
626733
888880
626736
856113
954426
135250
102483
69717
823392
823393
462949
462951
299111
4206
364654
626799
626804
397435
4223
462980
200838
561291
200843
331918
37009
135328
626854
37033
725161
168107
4272
69809
626869
626877
4299
463053
856270
135377
4314
37082
168156
331996
463070
463071
954608
4338
4340
495863
4344
168188
692478
692480
37128
692494
69902
168207
168208
135443
135445
659736
168218
168221
135459
69928
4392
102696
463154
987442
463157
332087
4413
4418
69955
692548
102727
135495
332107
627023
954712
69978
37210
987484
725343
69987
495974
954728
102764
102767
37237
692602
70012
692606
954761
233868
102798
692623
692632
135578
332191
37283
561572
37284
102821
627109
233899
233900
725423
135603
659897
299451
692670
332223
102849
135619
135621
725462
725466
37342
37343
725471
692710
627182
430574
692724
266740
627190
168439
496125
102912
627202
332303
135701
135708
692776
332330
4660
37432
365112
201273
299578
692795
660032
365120
37446
627277
332369
332370
987732
234069
627291
37471
660063
332385
430691
791141
594536
692842
725611
168555
168567
135802
168585
332426
201356
135823
135837
299678
955042
103074
37545
594606
660147
168630
529091
168646
168647
135879
692936
201422
103118
168654
398032
987857
529105
168663
430811
627422
627423
135907
398051
725735
168680
168682
168683
168689
692977
627449
332538
168703
168718
824085
4885
135957
693013
824087
201499
135964
463661
365358
103229
136002
136003
136004
299849
136016
103252
693078
103255
791384
693090
168803
234340
168805
988009
398191
332657
660337
398195
627572
594804
168828
496510
70530
627586
463747
70532
299914
562060
5011
693141
332696
824218
725915
5022
70559
365472
5026
332711
299947
234415
857008
136122
725946
136123
758715
103357
332738
725957
857037
234452
463829
463833
627676
300001
463841
168931
300013
398317
300014
70638
922607
562168
791547
168959
660479
529407
300041
168969
5130
988174
594961
627734
398369
201765
70697
300074
201771
169019
332865
332866
791627
300111
169040
824400
693336
955486
332896
463969
136293
169064
169070
169073
234612
955511
463993
169085
824446
562313
300170
70796
169119
169121
5284
136366
332988
922814
595136
693441
70849
70850
693443
988355
726215
464075
464076
627917
758996
5332
136408
791773
496865
759019
169195
988400
955638
726262
70904
70909
136448
70917
70919
70921
464142
70931
693526
202009
234779
70940
70946
136487
70951
103719
333098
857391
431408
955703
726328
726329
333114
398651
398652
464189
988478
5440
136515
398662
169292
5458
169299
70998
824664
136541
693599
562532
726373
333172
5494
529782
71033
300423
628108
333197
234895
103825
136596
529813
333209
693665
71078
169384
333226
693675
431532
693677
5553
136626
300467
300476
857536
726469
169414
660934
660943
169423
759247
857556
234967
267736
464347
169438
169439
103905
267750
988649
726514
595447
464381
71170
562692
235024
529940
464404
693781
136726
792092
464415
5667
890408
333374
464452
136779
104012
235091
104030
890464
71270
857705
726636
300652
726637
497262
235120
235125
333430
693881
759425
202370
169602
398979
464515
530051
562820
398989
169616
202398
595615
890538
923308
431791
136880
333502
169667
267972
661189
169669
333514
136921
202462
988895
169699
300775
333547
366316
366317
366318
661230
399089
857848
366329
136955
464640
169737
661257
956179
988949
300829
169757
759592
169768
726825
366381
137008
169784
464697
71483
137026
857927
759624
956234
399184
137040
399185
792404
137049
5995
464751
71538
366450
333691
497532
169854
694147
300932
694151
333708
726925
726929
726930
333716
6037
595866
628637
726946
71586
726947
366500
530344
923560
726952
235436
399277
890799
366520
530362
71613
923589
333765
333774
137180
137182
530399
71651
301031
497639
989168
71665
595955
137209
137210
333819
333820
497662
71680
399361
759811
923652
137229
399373
104474
137244
137248
366627
301094
137254
727083
366644
792633
628794
366654
170049
301132
399437
563278
366674
170067
333907
464990
333922
989283
333936
399480
727163
170107
628863
759936
137346
104579
6276
956556
891023
71827
71828
170133
268438
235677
333981
301217
333985
202914
71849
170153
858292
137398
858294
334006
399546
399547
989374
71871
137407
137408
202948
334028
465107
989404
465117
956644
596197
137452
596218
334085
334093
694547
530708
334111
137510
334126
432438
170295
727351
170296
858426
71998
203072
399684
530757
399694
563538
72022
366936
629082
137563
629085
792930
432482
137571
39268
39271
235879
629095
727400
137576
727401
924018
629108
694649
924032
792961
301457
694675
137621
6550
301462
6552
563608
6554
399774
760231
203175
760232
72105
760233
235952
6585
301501
629182
301507
956870
596423
629192
334288
727522
72165
629231
367087
367093
367094
137725
563709
137728
367106
367122
170519
694815
694816
563744
367137
367138
334371
465445
334375
530985
137771
72235
72236
793135
793137
793140
72247
170552
662075
72251
825919
367168
137807
858706
924243
334424
694876
793185
531045
301681
334450
563828
137849
858749
924290
465539
236164
301706
170634
694929
170656
203428
334502
72359
170664
137897
170666
629419
432819
858804
727743
203458
137924
137929
924367
203472
170707
367316
793301
137944
105176
727768
760539
137968
432881
301811
793333
72439
957178
432890
596732
596733
137982
727807
301827
105221
105222
727820
465684
432917
203547
727840
367395
138025
367401
727850
465719
170807
138041
72520
432971
465743
170841
138085
72551
203625
858989
858990
695150
858991
760687
138098
105331
465779
105334
433020
727932
727933
203653
138117
138128
301968
465809
7063
72606
760737
957348
138149
957351
203694
72623
596919
138170
433084
465853
72641
465860
72645
531405
760781
334798
72655
236506
859098
629729
334817
433126
793578
105462
596984
728056
203772
367612
302077
957438
138247
138251
695307
826384
367638
597024
629792
203809
7215
72753
990258
531510
793655
662587
728125
990271
7235
105543
7241
138313
564311
629848
367713
72807
597098
892015
334964
302196
334970
171130
859259
826499
367750
171142
138378
695435
695436
105613
72848
171161
335004
728223
629931
40107
367796
597179
105661
466111
105664
171201
335047
203981
793807
302292
466134
564439
72919
433368
7385
564456
7400
204008
466152
761065
367855
204017
171249
826611
695541
138492
793859
728328
171272
695562
138506
7435
793869
204055
564511
171307
695598
728370
597300
433460
73013
367929
302397
171328
171329
105799
171340
7503
73043
793941
138583
171357
957795
7528
466285
40326
892299
105882
630173
630178
40358
564649
171434
40375
138680
499128
171461
73160
171467
466381
171476
335317
105942
728539
466395
138717
171487
105955
40420
597482
204275
171507
630261
728565
335350
564726
368125
335364
695812
302598
892423
302600
368141
73234
73235
302611
335380
531989
171543
106007
663064
7706
73243
40478
728612
466473
73262
138802
630323
138804
40500
466489
794180
73284
630347
532046
794196
466516
302676
73303
171608
302683
368221
859741
73311
73312
302689
695910
630387
171637
302711
171643
302716
73341
859773
335501
302738
794267
106140
433821
630431
138915
138916
564909
564910
597696
204481
171713
73410
663241
302793
73418
302803
794324
990937
40665
433888
73450
597752
106232
401144
925435
859903
7937
532229
106248
990985
597771
171790
139022
73486
171796
925467
204575
171810
401187
171811
171813
925492
171829
630585
859962
696122
597824
794432
859968
106305
171845
171852
171861
794457
335707
106332
925538
597858
106342
171884
630643
171897
630652
73596
302975
466816
139137
237444
171908
171910
171914
302987
827276
434063
270223
139154
171927
958360
761753
171929
761754
171930
499618
728994
728996
73653
106423
139193
499649
335813
40901
696264
171976
73676
925647
8144
139221
139222
630749
73697
696295
8170
925682
729076
630776
237562
794619
368636
172030
925695
368642
761859
204808
237578
204812
73741
204814
204816
139282
565272
73754
172058
73757
335904
73763
8231
925737
598070
172088
303161
827450
467003
172094
172095
663615
172096
532546
204867
467011
270411
73804
303182
958545
8275
106580
794712
8281
172121
139363
925799
335983
729201
663671
106616
925823
139401
73868
499859
237717
41111
499864
336025
73881
925854
532641
139433
237739
8364
139436
598192
172210
237753
729275
368829
172223
303297
303299
598215
860362
368845
8409
631008
139492
401645
991479
696567
336120
827644
598268
336126
794882
893187
8464
663829
696602
8476
139548
958750
860448
139558
991530
172330
205101
172337
368946
172338
631091
926011
991549
74046
139586
926019
106824
860499
663894
991574
631126
172377
303451
729443
729444
696678
532839
631143
106856
303467
139631
139632
74098
106873
41337
139643
8578
74116
139656
172427
434574
729488
172434
696722
729501
172449
500130
369060
172452
238004
74169
991680
926146
41411
8644
8645
500167
172492
303569
401880
8664
369113
565721
532960
336358
827879
238059
434668
74221
401904
172535
991738
926203
270843
74236
565759
729599
172544
41473
827905
74241
336391
598537
631306
172560
303634
139795
205334
8730
172572
238109
74269
107038
139809
434723
860707
893476
827946
107052
696879
401985
139844
991814
8778
369227
434764
565839
172624
8785
631384
533081
205403
696923
139869
205415
74350
74359
369278
8831
74371
762501
172678
139910
369310
926370
696995
172718
369327
303804
172734
467647
598720
172739
860867
205510
402122
8913
172756
74459
631519
926433
8935
140007
8936
500459
74479
140021
8951
434937
402170
140029
205566
74495
697089
697090
238341
664327
74514
828178
828179
631574
369432
893721
8986
402211
697126
41768
41769
205610
631601
74549
74550
74551
172855
74558
566079
435009
631617
697154
860997
467784
140107
959311
959312
435030
107350
238425
664411
9052
107357
631648
861026
107369
205673
467822
435054
402289
533364
238452
74612
9081
74620
893821
304017
435090
402322
172954
598938
74651
238492
140189
9122
992162
664483
9123
9134
598959
435121
205746
238515
926647
74680
74681
893881
9145
926652
238525
500670
467903
9153
74689
74692
926668
959437
9171
369621
533462
697306
205787
435165
205795
369640
173035
533483
74735
9206
631798
631800
9208
304123
107519
926721
599047
369672
926729
74768
631830
238624
533543
631847
173097
402475
468011
74797
369711
795698
369723
631869
631872
468037
173133
959566
959567
435281
74839
435288
238681
107609
959577
238682
402523
173156
173157
74861
402543
173168
74867
926836
107638
402553
205945
369785
74874
107643
74878
861312
435337
74893
74894
205969
631953
599187
369813
369814
435353
9371
828573
992426
74934
763065
206009
107721
959689
9418
173260
369869
533717
435414
533719
926936
369880
402651
468198
74985
926960
959739
75005
206082
500995
107788
42254
926993
730392
173339
795938
795947
959789
402735
435514
369980
697666
75076
435533
927069
75102
664927
206182
927079
238953
238954
173435
927112
894352
927121
238996
173461
697754
173468
107933
959905
959906
75171
206244
599471
435635
796086
468407
173496
173500
533954
665027
239049
173517
959950
107984
173526
42455
370135
599512
697833
173549
140783
173552
435698
959987
173560
75263
173573
239111
599560
42507
370190
697871
75281
108050
206355
75284
468500
108075
992812
75309
75310
108080
9787
861758
697923
435782
108103
304714
468556
173644
894548
403030
304738
632422
304745
468587
206444
108141
829041
960117
108152
9848
730746
730747
108156
730762
75404
206483
468630
468631
9879
403097
992924
403106
75427
435885
435886
894639
927417
239289
599739
927421
534208
468679
435916
698061
698070
173783
960217
173786
501468
435934
75488
370404
206565
567019
337644
599793
173810
861941
108279
698116
567047
829195
173836
796428
927504
435990
567065
304934
960297
665386
173874
960306
108340
927541
403260
599887
632655
75605
173909
75606
272219
403299
75624
403306
796525
796527
75633
10098
763762
173949
239491
239499
665486
173967
239504
173969
501652
927638
960409
173978
862115
599978
894892
108462
239537
75697
75698
108468
599994
141245
796609
927686
10185
501706
10189
927695
108502
632792
927717
108518
731110
174056
501749
927734
927735
927738
436223
174081
403458
993283
436228
993284
174094
501779
436248
174107
174108
174112
75808
862241
10275
108582
993319
206890
75820
108589
927791
796721
436279
174135
108600
75835
337981
927806
75841
796743
10315
141389
403537
10328
108636
436318
600160
632929
174180
731239
75883
632940
174188
927854
141428
239738
993407
436352
305285
567445
75933
764073
764077
174255
10420
108725
174263
108728
174264
239801
403643
796867
796868
174277
927942
108750
600274
338136
239832
75993
174305
600295
927978
108782
108783
174323
10484
370932
174329
403710
174336
698625
76037
731403
174348
928013
928018
174356
174357
370972
10533
403755
731435
174386
10547
403764
731445
43328
10568
76114
174429
174439
174440
895339
76140
928111
10608
76147
141688
665977
108926
600451
174472
174474
10636
862612
928148
174488
10652
76203
174513
174523
600507
928194
10694
600521
403913
109004
797135
174543
109012
174552
371162
76251
895452
109024
174567
76264
174574
10736
797173
600567
174588
403965
371199
666117
109061
666120
76297
305674
141835
666127
928286
829983
174624
436777
404017
698930
109106
567861
240182
141880
600639
207424
141890
600643
272965
993873
76370
928341
141912
76386
436838
764523
961141
862845
404101
928393
76428
76434
436885
436886
109221
993960
43701
174776
76477
174789
109262
109278
928479
797408
633581
928505
109310
76547
109321
633612
76561
928530
895771
76575
699169
928555
338732
76594
338748
174911
633671
11100
961378
142190
371570
371573
174971
76672
797579
928651
11148
109456
437144
633754
437148
11168
175008
502701
699311
666544
76723
76724
633789
535492
240583
502727
109515
371660
175054
76752
961498
797664
175082
699373
142317
76790
109562
437251
437253
601095
437261
240660
699414
928792
404514
961578
535607
371773
535614
109630
44095
109632
306240
306256
568402
961622
535638
240729
339036
273506
109675
666732
306288
339059
109688
142457
797818
535676
306306
240775
896139
76940
76941
44179
44185
535711
928928
765088
109728
437409
175273
404649
339124
339125
928952
371899
601283
109764
175310
77007
109780
928981
11479
109784
142552
175334
109801
109809
109810
371958
11525
830730
175372
109839
929047
797979
109855
109856
535842
797992
339243
797996
44332
306478
306481
929073
109875
109876
11575
77111
175419
798016
109894
306504
175432
11595
77137
765274
404831
699745
44386
470379
77164
634225
568692
437622
77177
109952
306564
699785
109966
11664
109969
634259
896405
142751
961951
175523
306596
109993
142768
77235
175551
961987
44493
241105
634323
470489
175580
11743
11744
732640
699884
11758
798192
732660
962042
110087
798216
241161
372239
372246
208412
77340
77341
175646
962083
77359
863792
896573
110148
142918
44616
77393
110161
175699
208469
110173
372323
732773
732780
142959
175733
11902
306822
700038
339591
274057
732814
962192
44689
77458
241301
208533
110233
503450
44700
372387
77479
667309
437939
110262
110267
405182
995019
175826
143058
175827
667348
241369
208602
470746
700126
110307
863973
372461
77560
175864
110331
12028
405246
12030
175872
601861
241414
864009
12058
12083
372540
143167
12100
372549
536390
208711
110410
405323
733012
143189
962390
438104
601949
929637
143205
12146
44918
798583
339833
405372
962439
864140
110491
798619
962461
962462
307105
438178
339882
143276
176046
634799
208818
12211
962485
438206
12224
143306
12235
176080
110546
45013
962517
110552
110553
45027
176103
962537
897004
864237
372717
536561
765938
208893
77821
77824
307204
176133
45064
110602
307210
77847
339991
864283
700447
864292
340006
340007
12332
864301
307248
143415
77882
340029
143432
208968
503883
12367
110677
77911
12379
929885
864353
766050
12388
602212
110705
995445
274549
438390
110715
438399
143487
438406
110730
471179
372875
143500
110732
143510
438424
12444
77987
12452
209061
667818
45226
176299
274606
12464
45237
536757
176309
405694
176329
110795
78034
798935
307415
831706
143579
110812
110813
209128
78056
176366
438515
176371
110841
143611
635132
110844
635133
962817
45323
176395
176396
798989
700689
864531
405782
209178
78110
12575
241955
176424
799017
766251
864556
962870
405814
241976
340284
340285
504132
176460
897357
602448
209233
110940
307548
143718
831847
176491
176503
438650
176517
176521
12685
700822
12694
930204
78238
700834
176554
176557
668079
78257
274866
111031
45496
831929
242111
766409
111049
111059
668115
111060
143830
668120
766429
766435
668133
143849
45547
963057
274941
438781
176637
733694
471553
930307
12813
12814
176661
176663
78361
143897
176666
635418
569891
209456
78398
373311
176704
176709
602698
143947
176717
176723
438887
78442
209517
78446
111218
78451
12916
209527
701056
12930
78485
78486
635548
701084
438942
635552
799394
144037
832165
12970
111275
242352
537267
438966
438974
111295
111299
111300
78538
111307
13009
78548
78549
78554
602854
602855
439031
45822
373505
78599
176909
242450
766743
111385
111386
439066
439067
832287
144165
635691
373554
176946
176950
176955
242494
78665
799562
144205
13137
734037
930655
13156
373616
209782
13177
177027
668549
373639
701326
275346
603033
13213
439199
111524
111534
340915
799679
177090
373703
963541
865237
46043
799719
177133
799725
177136
668656
111608
439293
472065
177154
144391
308239
341015
144409
46106
308260
537637
406566
46120
701482
144431
504879
504881
570422
996406
13367
570426
734267
111678
537669
177234
799830
504919
210019
439395
78950
439399
963689
177261
78958
537718
210040
406655
439423
111748
930957
570511
13458
111762
13459
898196
341142
242839
341144
13466
504986
570524
144541
210082
439461
13486
79023
275635
111797
13493
996534
767161
111802
832701
832702
636098
13508
242885
242901
472285
701664
177376
177381
111849
177391
210159
177392
177393
144632
79099
636160
210181
242950
570630
931081
668939
242955
898319
79120
111891
144663
79128
79130
111905
734497
111906
701745
275767
243001
177475
13646
177487
636243
177492
13654
177495
439642
636259
79204
865637
570730
931180
13676
13677
46448
406896
177520
79220
210301
177536
46469
406926
374163
243094
13720
865689
439708
636317
439712
112044
112046
767408
210354
13747
439732
341431
800190
898495
669122
112073
505303
177625
144859
669151
898528
79333
210406
210407
341479
407017
308725
538105
177659
177661
243199
538111
669187
46597
177671
243214
275983
734736
538131
112152
243239
407080
13881
112192
210503
177738
931404
341587
800353
538220
439920
964208
767601
341622
145016
636537
145024
439937
145026
13956
767650
276131
407203
636581
177836
341676
177837
505521
243388
964290
14018
702146
14019
177861
145098
964303
308944
145105
964305
145106
145110
767705
177883
14044
177888
243425
800486
341736
986936
742002
125848
388236
126315
122815
17970
425098
620844
958117
885573
398386
609915
716510
788511
496840
717097
717049
29576
724824
627846
627860
11434
784414
5163
827030
280355
566383
718162
419639
543283
712615
749380
95835
664070
560219
543219
522078
308135
930433
770754
175407
549359
748397
716433
279082
807785
748193
371420
278744
279356
548521
495828
671857
292169
535022
421011
236863
358802
322138
866737
724160
565610
170076
891908
336470
918545
10317
247071
945883
986973
955531
278729
279955
421079
511892
512012
259881
689997
711949
169528
947449
801311
559387
424312
16618
764616
390776
201328
595638
99745
265606
16439
848558
492783
201118
265396
561274
185789
679546
223218
629123
628584
628248
868610
297307
391453
217914
396533
885815
826988
105025
337027
59773
152427
278717
534926
151174
526223
491438
364790
364660
208379
475114
771957
632994
291979
64101
514619
814403
717127
69173
70085
724669
559788
720672
957604
342814
365437
439313
321539
321507
10487
918783
29924
559733
202541
371380
20403
176295
208287
725057
103826
98185
121953
736733
653177
987302
935757
390014
806530
196377
256827
254878
126391
154808
149480
364021
364563
363724
822600
789023
699646
694517
601810
892453
6707
927748
61969
131141
869342
116079
181963
181860
11633
468403
736313
930719
727929
352902
634783
204740
269018
736242
632378
503266
46150
379937
474658
807956
21556
8307
854607
254667
4867
678598
4773
5214
3206
920292
106343
124910
38762
519599
189638
972798
7024
989211
704820
789788
859935
287530
973814
74092
339510
103857
37601
290912
344793
351987
174823
780128
344883
795200
413930
162632
69768
770374
694617
353210
336721
340182
336943
340296
714059
44394
905839
516553
314339
112794
416682
8371
191068
541379
768461
190782
667219
991462
904003
706524
890961
774759
593521
141642
901301
459759
422291
624885
868268
827202
835946
836785
103962
446512
757418
673996
6316
672413
6648
673464
673597
768366
910726
217060
227375
659104
529299
364064
729920
227485
432257
826585
476878
51061
55378
476485
703186
550657
509972
696382
114693
192238
943075
632498
869299
764944
468874
375198
56535
754927
700418
795787
541418
307868
188181
475138
5155
762493
306773
598735
802754
284246
215391
381782
990763
517176
730249
709057
988313
134385
504085
924604
135281
77375
68687
157955
216219
216264
114829
38268
499352
339334
354563
694745
942656
296168
949077
520017
174004
413780
753679
389863
131824
368334
512919
234901
688022
513558
771202
38712
843975
63633
70657
185
614302
400300
763294
523081
867760
728728
879945
748199
880057
15233
881078
792708
550546
36558
291627
333275
348441
402858
504091
145185
869142
869153
128584
713854
610011
28194
610125
856745
856427
566911
310793
804327
610849
239830
306300
567110
519785
420152
677652
129488
251021
541996
199728
278544
134642
226829
298561
643974
150053
462282
541964
331328
307470
778995
352981
684346
935890
844561
240762
285475
185836
507975
508771
806653
806918
115069
106719
65151
401327
398352
378240
683931
831273
689489
156280
806655
560812
485970
553260
105048
2942
152292
709644
377175
944736
951070
952880
433141
225251
932534
932229
224792
72408
524023
224902
732207
403951
110613
749261
842834
141856
239382
844424
361950
221339
14218
875747
222238
600499
722642
882961
16429
708177
36538
562167
746931
934876
706771
562594
36267
932085
435345
619660
565419
455537
908244
565814
2176
872728
454263
886630
68299
779712
871066
49874
886222
480497
619829
87578
224263
561813
4009
871568
478814
701258
893601
225116
391655
843384
701919
541845
565484
2837
102903
171663
957845
236647
882
791852
368702
915482
930567
544275
59844
904911
882946
899809
988166
159953
544202
394507
486457
732473
923811
36139
710644
806773
465294
237161
871048
569837
374617
463781
956733
931632
919197
678385
158759
910119
864485
917832
987636
502126
775698
753772
208391
833335
987696
406020
400194
849742
948375
517923
413247
249062
942339
941776
413071
586780
248426
271353
880462
192537
832927
20845
880592
517238
731804
71819
480949
250786
239335
833086
598353
491737
987215
183334
957556
214501
133522
250884
123544
207435
541805
956542
913887
509041
522482
378239
411149
196686
275502
915764
908803
855295
850854
913942
490751
202612
741996
739835
730127
266890
618740
394982
253083
395932
2781
496660
947005
766416
705714
125095
862007
122309
855176
846198
987074
14836
876035
551101
408764
408462
239766
122220
408855
406324
823095
431595
669835
406273
527380
906773
551661
306132
104247
401804
551743
402106
905339
69035
778799
311367
678042
150588
736302
230295
55587
695462
861530
900097
869379
260648
861882
716686
57338
467531
609782
776491
30990
299398
744548
762362
392607
529249
534822
742644
2707
678139
322818
575505
743053
10065
889222
104121
398086
227542
778663
562123
533274
937126
401475
23781
606268
980997
917085
370619
669801
742474
829132
299884
139967
669812
517105
534769
960494
746345
70410
736271
370467
560627
878060
385598
998129
191115
546470
681907
889094
970797
123985
546496
207768
125539
48044
889039
190692
190621
855554
443320
722075
993773
919152
546767
899013
191317
907380
546122
914682
885741
546766
190728
191905
190587
967144
190999
191092
190630
190795
889916
857203
393121
546487
941084
191161
852717
443311
852354
839734
545314
886001
900649
956544
832999
191169
81001
546469
545926
919489
192051
885710
190996
190895
81147
191822
831905
768705
678788
609251
122827
102152
994263
703398
848283
889896
832895
801041
960691
708739
210617
852240
545164
443513
947002
681846
424029
835889
738323
796049
50685
282224
416604
533494
693394
448503
107281
292963
549505
79424
953387
403978
59308
956898
175336
112586
81533
368246
755045
340871
279274
279095
355111
340288
110691
278801
760097
151654
566738
30116
748799
491554
122623
305983
662906
201628
265906
822312
293118
997836
953177
292804
105778
199903
489692
123410
170547
264181
713777
720273
60607
259196
291948
292815
694164
472001
547650
295813
279883
5164
280705
352135
535320
669622
119833
287672
352498
187470
67875
220473
943689
947299
515025
682308
974597
998531
947091
883854
690807
896005
187569
462444
220026
895895
974381
221336
489179
207170
281457
404526
947153
884645
893231
196513
668296
884534
939004
884471
275329
460733
463571
947500
1239
1097
202033
930125
929813
172901
266311
27206
564657
976161
226696
185411
403958
222790
520833
183814
599042
530422
821288
126433
225852
425748
951179
501261
105686
670336
207290
670495
250269
391572
207212
28960
457942
27746
464669
457615
935054
538844
425904
4943
694189
426199
836747
426436
888753
167626
168136
881007
585355
872234
577159
167059
863602
59540
238549
2456
705074
402219
982379
880346
703786
982409
596714
60092
598221
842282
595438
596912
522296
652078
872343
859484
398827
595673
628383
522384
170274
169794
839672
439684
565415
683474
996921
522402
844665
925875
595090
565086
415400
706839
541872
628436
511412
877113
598020
748118
681834
746690
757348
748249
843782
842922
221426
670041
912216
3013
248825
667973
670049
919206
921139
482593
758296
749960
16210
921791
60556
945657
160375
61197
628273
210866
160084
112891
160422
779317
393441
823063
809706
538200
617224
47658
45268
5868
55254
375418
653776
618842
807599
207868
476215
906750
569178
107468
762217
762237
5447
112942
543133
108097
51349
255657
325150
479784
258846
37728
994709
570259
997837
280624
259387
376741
695955
995722
50564
124488
807699
258018
476618
558460
344109
890779
826666
388851
53320
768332
175989
235792
262980
619025
870732
38699
866796
800663
153018
637614
847345
469613
153004
472169
38783
3109
504466
429332
55283
888820
172116
809598
5671
599751
57636
692410
57655
682785
140732
994044
639916
53230
56999
183058
928837
950313
228569
724587
724549
967581
279800
719738
181435
964785
358288
421656
695175
351923
678764
115622
376328
325865
323160
285272
376277
323464
100898
385044
695560
552019
483442
175802
307306
322999
696795
344536
176492
106704
263889
723928
803977
724084
123484
724022
724380
121179
353257
467684
126634
519420
485895
770827
9628
384850
262609
134502
281770
354520
99720
171817
113490
699682
184809
320826
340781
389095
184534
389108
467265
686147
79518
723692
376619
389392
163910
195048
315322
525034
525135
810070
273864
685550
810241
686904
690374
599095
690655
352368
504034
192803
282198
364519
780307
193016
521119
271619
581962
271832
514258
178811
821938
177646
181605
153488
803100
151491
514230
610681
292077
660288
495449
261319
278861
466909
278883
182520
610628
669381
253710
956762
291945
324445
612270
732351
746863
883543
159154
171008
421169
635097
432648
314657
771950
611164
356043
924659
427012
514893
294281
547839
432653
252957
179130
313059
732354
805512
584541
391916
4764
523802
432255
516193
108557
432201
98601
433270
166533
316210
988918
929720
320547
297239
63826
807092
288718
330988
806980
289370
180396
794096
180642
794244
169289
490546
493081
430058
22110
425926
619270
426123
291302
949727
703494
169992
312110
209723
841174
300398
179253
752817
366974
17748
313022
992617
753170
623693
508279
316441
20123
533853
941307
210295
429823
827391
703585
692150
286106
154522
519795
930391
520098
209454
176721
473448
507186
291507
46842
465248
239866
508549
210067
465687
688353
928942
219862
62264
95777
390145
806212
130733
315452
165703
762035
806141
852753
237405
4697
730316
257002
684490
689860
4762
237923
313295
609704
923824
753346
762025
609725
923610
99133
609801
910799
390146
151376
923225
910776
814743
625928
825763
824256
469274
969214
799350
824098
469120
826041
964908
672308
69850
469133
673489
852385
263241
435760
519965
730317
181319
851615
704665
868634
730251
559601
385252
131106
521961
964696
723499
810088
770990
191030
814964
716659
70810
191258
852902
279215
180816
615497
389423
496904
787525
151548
71640
51122
524679
814659
22250
543777
201516
431199
224168
265794
60813
191546
224306
60576
886629
563997
564008
13183
564079
564042
670225
216184
798973
730999
15266
746930
670437
923810
919423
677878
931688
957511
826569
932968
670137
635998
561467
14819
706804
868704
378008
563093
843137
206138
75771
518898
270416
561976
911255
197634
932004
756088
276450
560974
889345
194905
781361
635838
831793
857201
273721
223919
562041
963040
390263
853890
842692
49919
847480
842806
905527
878854
207040
733579
201414
265692
880176
916432
743788
517060
113088
399714
990351
980673
81759
594141
16808
169659
997112
542941
513250
134090
868867
522080
988161
990875
906497
844432
795468
582149
652476
133524
596084
678602
196124
861121
274940
904713
13102
832528
864860
942769
197552
276368
248902
942665
974689
513985
863703
15015
170030
957547
991196
932152
200828
587110
248427
201476
265106
864170
682539
867988
265754
133095
596481
865240
991031
122511
249063
997013
985511
710374
931891
3609
376097
825865
561211
857411
21179
833633
872157
496661
66957
303406
543711
680146
481526
103181
110297
409300
16124
83049
206711
562875
409216
860352
565920
563664
482225
562464
111651
22144
649785
82815
482972
433429
722217
983167
584652
368880
705421
433093
565207
528271
82652
155663
681654
289330
505280
637066
84496
208474
270989
91790
860104
452493
501457
636919
804378
805801
156120
148622
637382
975701
909930
454795
881298
454220
861015
429434
493040
44273
551817
409538
649234
450297
416526
488633
691380
64727
130820
92440
130251
555866
802436
878764
204944
14341
269222
706695
871611
208548
797
526540
63989
515239
601274
514554
823296
143252
840967
614009
234721
79623
57935
293130
43943
57604
659541
111896
332655
106809
129984
113673
502068
93482
329989
237312
969865
918194
93141
254253
970094
963672
806593
483605
806446
465233
961598
961273
515306
823579
508310
465105
409722
254162
779859
682423
237609
779947
683036
780218
961400
501800
50977
533951
81743
23650
254139
310969
795350
659322
30625
82122
104724
114563
261934
298585
466259
72070
423165
407883
616535
57481
370610
660458
800731
100177
795251
104716
780172
262656
227384
502176
504852
113742
450061
781626
535898
902765
255150
43941
857269
108060
505850
832761
511690
877529
14248
111019
23370
426178
223703
351792
685252
563318
352400
390404
217222
364369
986823
714583
796844
796217
798456
94646
102595
223877
728773
692899
684893
108265
107170
934854
224186
69606
224188
245048
225161
841932
960091
425717
722073
686634
218249
618936
103148
967417
867765
798929
867801
867806
832431
432058
844703
255788
832118
391440
124994
391053
832092
658428
58485
152370
987336
831187
224453
663426
714896
224196
474159
728687
719601
878041
260074
223902
202196
336562
519174
424268
266474
872342
519198
978715
863583
864066
987600
940644
579505
682647
309680
20868
882972
481816
394502
579460
521733
224693
108814
874263
868528
865734
519816
720428
227468
718511
736195
956811
862676
931087
869050
538855
862392
870832
419279
17874
117181
191606
104866
48560
158092
704965
200755
803788
265033
58507
393902
111360
411979
104901
526944
393719
598854
190505
17002
394163
70466
111601
48735
487873
573566
629630
394280
620307
836844
106690
16758
209842
679383
989070
931812
840781
696111
130155
222908
381253
840857
158608
843523
739920
956920
886242
202084
541921
266362
203964
601678
203958
268236
872
380495
97244
770400
200980
712201
592736
503525
58892
16543
25262
635668
421525
504339
126762
631977
242188
635793
247250
503491
154080
26202
563489
606924
864195
63762
63379
510779
510375
866648
122907
866802
180374
510357
125178
832277
545955
123999
171298
545483
294478
246931
170737
333830
294751
132376
63947
149847
134029
732899
701435
123770
16507
658218
701657
573363
941202
658192
897908
748713
749036
74821
315732
748477
467058
86631
466937
94545
125422
180498
830041
281760
800616
977120
466326
465877
964643
88757
887214
780768
712281
545553
780732
141280
796645
943754
721699
395043
878541
543068
42902
394974
905999
224830
222535
885665
840629
514347
193620
258797
563976
272436
921304
12648
962557
885687
14576
842163
206975
905787
664178
70562
879323
664793
363189
394034
840298
395889
885927
803526
594154
902150
19151
954492
901163
886542
540600
682279
914346
394288
909628
205703
269981
732020
103756
103682
45826
929510
60460
410152
394168
223991
59707
876201
61507
126182
839998
226575
249859
383744
879326
868726
362604
841936
13414
868889
987478
511159
390821
832855
43098
61524
68718
601801
998058
62673
475400
587404
666481
860624
481713
929092
82246
928637
475757
541161
448233
546573
195737
359780
274553
519210
589531
54836
306578
442761
346559
113419
307708
57580
382669
422112
344579
468112
682558
827227
774710
379032
505422
306186
386628
55132
473167
559021
105722
113885
954796
887759
374273
341223
925843
682630
357486
704584
344185
350127
543353
12369
55736
196025
274841
520678
920816
442696
659953
520359
411763
421453
558650
442913
743215
458800
11960
361988
903369
888901
86661
545328
82927
828212
587884
579037
162803
473534
921462
814320
365266
365353
547063
69182
214449
566609
497354
187642
4490
4457
214475
554601
440896
30046
337194
306259
776961
234950
559990
498443
104882
293784
161744
290612
190535
497211
104971
554692
321611
554617
523702
99066
151645
787655
501915
710368
94528
261517
94526
190529
366228
261426
114300
312454
776967
825736
563905
357803
51303
525244
805687
776965
498491
869260
124074
106313
42882
337012
30205
122254
494271
825636
122700
94532
790898
428246
51399
365529
365285
560050
52746
295102
122033
87617
600785
281276
571817
469121
559569
31629
558357
482791
94976
426465
483146
130949
32170
68360
4784
932260
305045
4957
776801
5408
30171
803987
472860
61496
363397
633279
536469
724538
724529
122002
429041
40262
886310
85443
122082
604010
261528
403270
776721
546068
815293
814838
810003
889099
31091
525733
810913
151455
520724
105818
397040
815475
427122
469156
487399
348340
103409
305012
716524
724554
448994
105995
481329
699245
684422
30276
684755
511357
466823
818256
723270
850252
815277
30035
723215
982506
700271
396951
915967
816569
445486
915411
204952
56064
634685
426480
292942
254802
702957
203720
686808
350527
175933
176597
176512
122772
343548
350434
363583
931784
526788
219735
452900
957689
91473
90432
452484
607007
585383
931604
965846
177512
294997
875893
437046
350853
294193
872317
290169
248404
351863
584423
571333
599173
333635
337131
210948
330919
711905
790261
281740
931628
487474
211983
509892
376126
451771
746504
637200
490581
294546
250227
659435
603348
501871
220312
564105
491165
979877
281033
261633
660727
528834
61885
440130
778058
421063
189266
342116
84335
279245
426834
159749
352576
447574
575742
255324
447612
446932
100938
99808
902789
674574
749984
14772
4623
242430
188771
525082
4630
4554
784790
279489
279275
292781
257992
188768
278815
293693
172451
188787
278674
806386
493981
305019
336989
635607
241796
278998
749719
292520
292201
323663
292222
292192
305330
261703
804007
736496
305381
90128
515459
243182
214360
42549
708731
278798
292674
708719
42429
161791
160073
315632
337463
336770
350608
141695
466968
295690
292358
736352
30419
99682
79808
806145
48529
430796
803951
246578
312701
732269
351599
247261
122037
278637
427618
903876
336845
321572
859620
875849
867223
502074
87978
248829
569078
370489
719083
381318
514508
292469
814205
465858
422089
292181
467307
279639
385549
474871
364028
530271
252643
249846
326511
16519
70812
921842
421917
279170
120476
465958
203895
28601
268173
529970
497622
31170
735152
726190
214972
684686
397242
449988
436170
14510
545524
345829
660761
89562
467450
82790
169364
531606
234769
485958
87042
133396
124579
85624
823264
465835
70251
381049
957729
684899
840789
299014
58389
746701
747313
985176
809284
684408
478756
808825
350478
809173
525190
363510
241053
426756
353320
468178
525650
770595
566480
634527
458835
910741
514648
430486
13710
426883
10021
515955
427215
514206
9899
566510
791127
29483
336645
106152
790870
433174
525274
527457
790153
925006
13776
924153
794330
6827
369459
305119
458536
336660
353367
566528
427104
510252
978851
718019
780133
590943
717813
68364
510247
309588
713978
784788
729927
368856
979585
432501
174766
266819
80054
302247
458358
926623
368838
414358
414181
762723
596395
743345
743124
706157
827314
372950
176129
174502
110381
991692
291918
278725
296045
291938
353020
58968
903495
925261
800169
364341
828180
5963
955277
363739
140601
955290
802361
955312
5865
211874
742200
780840
637605
560083
106628
176650
366495
559966
297695
158479
232930
571553
822741
753213
802050
417346
869860
864425
773968
645120
573012
559765
450761
930803
572925
292079
419993
525355
573593
261811
826117
247783
770954
192730
271546
183203
800586
173986
417607
113981
599758
376233
128327
527609
863005
352920
424037
102660
102182
337056
104903
102030
515173
214306
559842
451826
678265
653519
599914
905060
678307
477926
678649
227825
905032
422521
103965
614982
210568
804076
965124
599088
632125
742315
237960
426089
478039
907104
140542
684418
732989
333573
21772
153962
470884
905133
378708
805254
805629
788119
742247
521880
443780
637662
423008
634491
854024
854182
637570
443530
514965
104362
443701
475351
805994
559828
905617
601236
768739
421551
4472
699493
621908
785230
105159
560055
817003
123529
607937
472390
637383
769901
607518
128360
822484
753988
375163
653288
823050
822644
637976
6428
556974
793183
638091
686485
792959
640564
715416
786368
442778
5232
475222
983625
555262
555280
763415
763463
5453
678014
391045
906657
979026
632506
640057
540207
770536
5195
768071
768135
437464
568987
537831
908701
930316
56229
787992
768172
763137
911927
685146
924148
994171
442751
768099
715691
615970
638020
38805
436863
885217
768253
37658
796059
885179
885240
907324
770568
790576
878480
768075
797077
569120
540541
477250
823485
38797
788108
476552
718992
770939
981352
442442
906859
907346
906633
786610
906700
56227
717936
465580
105527
172473
283707
795262
440932
825845
826344
140175
106032
534527
528396
842322
927813
551649
639196
500063
279053
516922
842429
279302
104846
827790
397646
139826
861021
535195
524882
795510
736536
448616
524808
502151
599948
719163
825758
116973
569579
122240
551695
960914
534585
911628
505300
340557
540700
401003
175211
185088
364268
763423
106715
117094
292422
923172
157737
724754
151183
365808
823965
292109
197251
276067
502156
525648
960983
547506
534714
458177
842355
448353
524952
725716
333397
343125
350511
521888
410004
297413
151172
117162
534571
174799
5559
703702
549052
887753
4995
4962
401031
603396
5330
4870
401179
4318
401938
101992
955056
549491
440193
151194
746092
225273
749867
324318
151167
473048
324041
376657
71553
473064
168613
787668
370864
900185
900665
721404
899679
631699
282661
667784
750304
989428
243300
526258
583240
633839
989037
376386
668010
179627
530176
465281
523760
114810
93261
376274
18758
151226
102201
458054
586862
458050
248615
183077
70890
297317
693085
432658
708782
14293
703439
326827
323878
19416
787844
584940
718058
498381
151349
525328
475037
573894
436009
637342
719478
751935
31912
30252
637184
133114
30920
281121
567930
71999
428737
69608
5300
330332
502522
871446
112458
239262
497454
787559
363497
68503
684695
458750
483609
458313
30326
733307
258811
599126
229563
31497
87369
5407
69218
179057
68438
83332
503138
68614
61869
331390
558383
958499
477543
363838
751111
230040
4956
429694
682536
452361
932261
325780
30634
664324
87259
336797
110347
72392
190488
521867
229915
85899
569043
84713
345870
795783
341969
131383
54539
426553
30433
31528
968215
981755
194392
676649
893142
358964
333304
676916
100515
893318
648775
995079
994880
646457
237660
994843
996246
615911
39929
646723
673631
39915
100436
474069
100662
60298
568736
238018
757915
992293
770347
763655
437661
211345
995314
617542
789444
427286
746596
779040
675128
802897
615920
324421
69840
637561
221473
781663
445173
71014
673490
757540
959063
191220
87422
230982
757468
65491
524440
760264
771627
323319
604360
966845
674135
995152
757505
112809
696333
621330
159461
648424
983195
676298
802664
87176
60910
504958
667349
722054
771648
778559
675058
222050
630175
550220
595172
30621
439789
174611
77775
238380
785934
154168
540894
188171
68317
595750
150585
153767
70158
7058
293048
523314
511429
854040
854149
845487
68341
430472
854005
466643
317042
413105
190187
522141
707409
703322
518561
753345
359420
205606
822342
473396
10746
269884
229320
474592
59436
703655
78905
664053
755276
466613
474575
8862
189879
434379
690065
390045
295030
429957
20579
588070
257381
323971
68319
583772
822944
362341
738340
745896
192500
419896
5866
392768
76102
641127
5841
845383
791495
15970
15259
58738
59485
680724
296716
69074
13218
76331
240849
792139
238937
368613
238117
5376
868079
940600
226128
753644
680729
394268
393434
214156
935077
920940
920718
621003
408584
15250
942386
771881
225493
927125
517651
61577
521215
641615
271316
94193
760621
515367
87794
729905
386569
382435
312806
506093
244431
844668
920180
527049
58830
888056
393598
729611
394052
22387
59594
93909
319857
871529
619435
291631
770693
70005
872156
70112
940727
181341
864368
238245
122505
622567
13465
15251
679852
17441
181566
316027
580180
680663
13918
331196
314250
67073
216888
6708
76101
685009
331976
5842
5867
72420
707838
72336
920719
916056
419897
920941
152616
403107
692721
539737
72696
13178
918222
916809
916065
918781
151908
152327
215707
696944
799787
57038
739897
348492
69075
345977
184270
534191
579946
221371
61578
106938
314940
221457
22889
419865
315923
935076
399396
368612
70113
349634
435441
225492
346088
920181
211985
802732
860443
15260
798777
23300
357155
515232
620591
171479
393308
392767
681364
181091
19047
946088
681990
333028
807447
867401
589796
5184
808138
4997
441231
35716
107024
925739
745448
33766
991059
144935
118634
190336
189623
39129
924794
723409
419669
641153
317723
124209
565720
479326
63705
857793
99967
641821
710264
771612
706484
328471
641946
477923
127599
83678
874482
183620
686110
549991
490780
749435
354678
991034
76237
369052
563410
686033
727674
422245
58773
118126
105756
422248
552452
127855
866997
617252
134455
43299
422214
35928
243889
127250
185286
155688
856228
35171
385061
802808
549989
189734
27133
116821
429237
550074
34407
369254
343525
161953
299551
160369
328306
512106
491771
5177
137232
284610
173565
5023
5500
6187
132200
5341
978240
978863
574628
548399
832127
355875
220975
973798
368979
178098
311211
980683
831863
222799
324615
173984
619768
474656
131795
721405
242348
688198
951092
293478
45987
17925
116200
29597
284202
742168
26987
795495
80770
308126
742180
300168
446971
323833
821854
281936
585101
370724
774260
661519
134119
258606
31632
31648
832401
445140
592104
169242
140658
283554
996037
610561
139309
112300
705929
288830
405291
1320
342082
95843
20843
18626
295780
123681
85693
83290
53175
690413
415493
503844
720244
689683
458649
23749
750411
587405
82274
619321
149730
110656
895177
113545
458341
685204
988792
84515
280540
826917
862986
132758
988921
201683
304150
602063
265961
552374
726383
972870
69110
157219
742529
518357
406204
601802
777319
254670
979661
892914
761038
458434
55363
412144
788450
749820
112304
23805
861652
763496
81722
82928
279994
155808
646254
859139
682606
222813
82479
415581
942902
477601
244952
82017
293140
887370
46946
461936
101199
503085
452328
748771
113534
519613
635966
462576
213595
632609
863434
966937
308355
307089
307564
186591
92701
95067
175045
437120
899672
599204
515246
246714
949328
172660
869621
768495
105419
126997
187911
705641
316785
807907
110446
552256
180877
840289
839889
186712
949099
323534
552366
173475
475666
635100
148769
712039
595528
535221
691999
300938
411617
304642
394107
157569
562459
877285
352852
285598
373932
672663
807850
924202
707109
543266
825284
543454
825337
950473
673987
822876
778842
778715
292361
775385
896614
779153
865729
673480
50581
832734
673387
870398
374487
673164
162748
670806
322638
574228
405367
352542
897859
904269
820611
519707
823899
995354
480022
753089
542038
4643
374653
667050
831105
683050
405842
753748
668534
574892
707003
980095
543091
980820
959851
672543
7391
667118
543371
132662
825162
980424
327074
669001
824519
38408
746607
674057
4564
42413
552535
834015
824621
616043
673380
882378
673081
506179
485877
257711
923443
348687
359177
192830
353533
312344
356305
325817
279441
280744
91711
508667
106646
112971
485446
485882
684403
176619
278728
442262
5224
338968
940534
470188
730157
323026
519535
322192
723289
324012
923161
294086
966941
342458
17516
691243
122518
533398
184784
261924
8105
292678
321983
499982
30903
153877
691381
378661
777061
7135
340866
560641
518218
376872
482396
603893
636509
66556
157490
439598
487251
372280
820990
122138
391656
879071
448557
448662
363460
439664
106927
255931
442046
487811
68501
174259
566142
526644
614279
4390
528658
525910
730417
717763
718592
600212
147957
698353
723472
836669
973590
698380
178109
16223
723528
323021
695647
13850
6302
20578
929766
692272
5144
113009
189650
307033
294661
122026
122090
121993
700737
695105
401120
436039
694518
214489
294532
14244
353667
309299
612813
107473
613171
112463
501688
690820
122233
214850
400903
474591
474655
4978
114681
705047
214585
479720
589935
15687
377267
474574
479554
903061
398304
307823
510400
903021
550852
354530
581167
581110
341418
132156
183905
342108
580888
973009
691513
825596
825766
281363
472935
355478
695197
742984
690451
950478
949853
443150
381559
32674
149219
229097
478007
58133
734959
58199
860064
131979
553735
746398
768396
754360
754244
740214
477919
746174
754136
379564
477668
734963
905952
400851
402180
397015
379466
539997
906296
56788
443110
774093
769994
911423
669498
671921
114624
906810
90790
664225
554037
554459
875872
996267
827078
843983
994393
840236
994228
665033
775113
773772
772314
773125
560712
410068
996731
46845
121875
894565
775023
972904
234283
226692
541327
539990
632914
774383
481886
226901
477591
489463
754089
668083
56554
689382
396970
386187
845923
977550
63837
546221
933029
400694
261807
777906
375898
477566
805968
560339
949106
964353
14755
981200
308072
22709
285609
79835
341048
175843
339933
827163
21980
826999
482497
780322
103931
37599
812494
314362
812385
176023
220614
820941
358071
82607
905616
905132
411517
453002
175766
327992
433320
957010
811894
179005
785217
413836
811671
954893
320144
151650
905059
311025
736546
910221
342308
228924
869251
791103
315964
306500
229024
329051
992160
30211
785284
311101
337178
187784
337282
309505
150983
341045
341084
152232
59429
954716
413894
371563
177846
283032
295753
178124
806874
494241
885122
738040
378574
379014
598968
5880
289779
734481
289677
657906
750523
997994
998162
417152
478548
369606
535790
346534
99866
207277
117156
999229
408718
417192
9669
231547
326954
411595
411566
236009
739335
45269
653680
346543
744870
537153
8997
345081
134243
788681
8218
838247
76921
750166
139704
950093
283435
478635
503278
988533
651644
236649
914759
817686
8259
139405
342235
988758
411676
141212
355076
9000
838548
361097
7851
605500
26375
584097
714946
871870
571054
207291
164012
291668
148057
983720
359432
960124
591002
5857
1389
159730
395011
708193
885958
786811
392988
926549
594575
138833
129673
925045
124194
888229
112116
866052
598094
864010
483060
327485
922091
138342
138708
389019
482706
700195
388928
701171
437086
253953
17798
705430
766706
575286
5641
88749
747813
125623
858681
47422
246043
676288
124883
931313
47390
88744
388098
806645
919634
450250
951167
149945
184296
786826
946182
326040
908463
593578
47356
948965
594698
383385
437570
184577
813577
149516
128744
442283
85252
383669
550296
597924
195858
129387
731658
189260
274674
931208
212473
245718
14146
5213
340674
702351
5750
151236
479500
410324
122253
151333
151506
68544
104988
287220
533961
285344
873171
286090
121976
447069
325013
673390
991578
863419
652649
54222
632830
282953
872563
384260
491955
871696
640657
863877
417082
754052
470981
850851
5772
354030
220894
873339
947064
533809
772101
974296
250461
983386
863888
54225
287354
375922
376001
290225
679739
871389
590992
672723
234808
414718
5437
25886
371465
130745
749146
862766
816284
54264
112032
744190
829204
339240
214083
307869
421037
537055
417194
313687
851713
26931
566083
726523
960611
411717
493495
487741
638252
79548
451694
30336
691303
5084
168390
789691
79580
189094
789068
79696
5138
296791
961140
559574
426862
48571
336709
373664
953450
823640
534632
292634
700820
420624
699300
723373
719257
108519
716517
639813
823529
30440
79620
632208
51028
30674
558375
306171
16538
736481
390376
608899
336756
389989
521864
739140
53701
708755
957834
281602
389809
83191
426852
989539
852338
348075
777048
339032
957579
790928
389073
720067
466620
151186
560102
490525
448626
519294
380423
187598
187596
34121
566249
526572
823668
255755
426791
852453
681589
698139
406430
707634
68612
108330
406601
31835
255183
412765
73934
5653
412388
29422
238731
5012
6627
356987
758255
758834
870692
237178
8060
759788
165799
352116
236987
777955
128833
227502
353396
165711
163440
310416
861794
575049
5110
114434
229294
580075
293303
125796
327211
794441
260306
227212
78406
599680
752847
402766
177369
466700
234908
958648
573496
977037
279324
313229
200801
265079
512802
3846
757246
147567
599831
165247
803838
65300
335756
586262
335838
999880
233710
66464
440191
293468
188789
172264
376573
330007
691421
412272
290021
402512
228907
944717
254360
992963
84314
57645
382267
57993
6123
56891
85541
945527
6192
571827
774030
898134
86102
405826
402541
6343
562017
774083
981862
986376
442635
397824
383992
164410
830007
781674
782154
10903
11730
399823
403006
938576
582964
250060
766042
907897
687585
479509
872673
863669
957081
89679
54978
571831
874240
907122
61584
919794
383966
253451
922049
920157
432848
598734
443063
160355
509155
398922
931380
42567
53570
149021
636082
928858
161427
388681
904678
475164
292722
590161
744599
493801
55691
293109
55566
744323
54902
249004
914442
109998
82669
496700
188729
478748
494297
152440
339633
541539
541492
294174
352562
315815
517274
781593
892861
300557
781199
292941
457767
303901
236677
457133
122642
500929
82912
122872
200796
515030
265074
188705
924156
321785
84010
781390
601599
915493
230345
5673
286143
453455
390009
356701
923686
305954
511660
602233
335881
365006
342291
430245
497632
141067
934337
426586
430373
435564
334696
560543
458433
305782
701089
310841
235349
50256
572638
924676
307077
365302
631828
772234
627789
713982
364376
344759
434935
293503
23884
64526
524842
65139
216139
924916
340622
694647
175770
323246
179420
175395
102078
233832
745960
745993
459172
101249
862947
367362
8612
242141
101261
357055
308469
233713
82784
263502
79602
806165
583553
242177
68594
433970
116465
887416
888916
68512
780194
637955
496342
310801
771871
915945
413794
467880
509064
448383
37709
459275
263039
917926
807124
448381
175304
355578
417100
23576
638008
30434
242269
336658
345058
323292
916190
870762
967217
989691
638102
781335
864394
841182
637968
323915
502488
80540
955272
249107
34673
610334
113250
865171
112527
158894
863411
667019
861771
755597
446585
870851
906435
446688
411892
951184
603713
666944
952895
146500
667418
604995
443095
870153
666774
540231
447486
862270
447470
6158
604318
699019
190762
448032
123205
666855
971125
447409
686920
603718
604948
676271
446326
758902
446232
447062
541413
811211
446291
666759
445847
824867
759564
692986
950954
951600
534437
673052
447615
447084
862036
447185
375552
447552
442859
253853
698204
758953
759977
6167
995790
684664
658013
4798
891344
513928
236559
500274
75999
340275
47195
578232
892439
779891
280913
235088
683190
583247
212545
228527
38460
39257
38490
39351
38397
427728
38500
737065
683230
754133
38393
254365
379462
39442
5830
750066
39480
38660
753522
229049
39436
736943
980435
238417
605011
378793
39406
754113
6004
5499
747492
743056
537655
38032
977596
747451
37674
38450
314738
674757
901261
232839
808371
38495
45409
411863
807646
254557
204660
238839
268938
742998
39431
730532
5115
562183
674080
44171
730669
110170
49565
900385
733715
510948
325065
900678
605418
605388
855946
5999
547523
219141
122045
405098
472375
369637
480475
467603
308262
84208
79638
261443
307829
312604
79528
748000
79553
105292
331837
736291
279393
324833
363623
152096
419768
31920
603409
152552
279070
540901
732965
37090
177666
279049
605061
363522
524947
748306
805039
744752
499357
279486
695973
994018
424310
821923
368542
116336
278928
169938
742279
749482
544114
584162
808819
30847
11738
63929
190423
227743
514182
190484
228165
361724
187755
401896
874026
507973
