1000
2048
6155
8219
2078
34
4134
8244
4148
4154
8256
8259
8266
2131
8285
6248
8296
8302
8303
112
4211
4214
126
127
8324
2187
8338
2199
6297
8347
6303
161
6316
2228
4283
191
2243
2252
213
8407
222
8419
8425
4337
244
8445
271
8465
2339
8489
8493
8499
6456
8504
8507
8510
4417
8515
8516
2389
6488
4448
8546
8547
8551
2412
8563
8568
382
8578
8580
8584
2440
393
8587
6547
8595
404
8598
8600
8608
418
8620
8633
444
8638
8642
8645
457
4555
8654
8658
4572
2525
6628
8679
6632
4586
6639
4595
4596
4599
8696
8699
8705
2564
8713
6667
4620
8725
8727
6681
2586
4636
6684
8733
8740
6697
8745
8747
8749
8757
8760
8761
2620
2623
8770
4675
8774
591
4689
2643
4694
8794
4703
6758
8806
2665
625
8819
2675
4724
6779
8827
6780
6787
4741
2698
8842
2700
8851
2709
2721
8870
8874
6826
4787
8889
8895
8896
8899
4805
8901
8909
4825
742
8939
4846
750
4851
757
4856
8952
4868
777
8970
4879
8981
8988
8989
799
8991
804
2853
9007
9014
4921
9029
4933
843
6988
9042
4947
9053
7005
863
9060
9067
7021
2925
9069
879
9073
2936
9086
9088
9092
9095
2955
911
9103
9106
9109
9110
7064
7065
9113
9115
926
9121
7081
7082
9135
2991
9138
947
9139
952
5051
9149
960
9166
9171
5075
5081
9179
5086
1003
9197
9198
9201
1014
1016
9215
9221
9226
9228
1040
9232
3093
5143
9241
9244
7198
9248
9252
9256
9260
9266
5173
9271
5182
3135
9282
5186
5188
3144
7240
5194
9292
3152
9296
3159
9308
9313
5219
9317
1125
5222
1133
1136
7282
9332
9334
7287
9336
7296
9351
9354
1169
5278
1182
9374
7326
1197
9389
3246
7344
9392
1204
1205
7355
7358
9408
1217
9409
9410
5317
1223
9419
5325
9426
9427
7379
3284
9428
9429
3288
5337
7391
9440
9441
7399
5353
3307
9453
9459
9465
9466
5375
5378
9475
1283
1284
7432
9481
7440
9488
1301
9493
1304
9502
7455
9506
3365
5413
7467
7469
5426
7474
7480
9534
9536
9537
9538
3395
5444
9540
1348
9545
1359
1360
1362
3410
1363
1365
3414
9558
5470
7523
9574
3432
1394
5490
9590
9595
1408
7558
9606
9611
3471
5519
7570
7576
9628
1437
9629
5535
9633
9648
9649
1458
9651
9653
9663
7621
3525
3529
5578
9678
7631
9679
9680
9682
1492
9687
9688
9689
9690
3551
9697
1509
5608
1513
9707
9708
3567
9714
5621
1526
1528
9722
5627
1531
9723
9724
1533
9726
7679
9731
5636
9740
1550
7694
3604
9748
3607
5657
9753
3611
9756
9757
7715
9769
3628
5676
9781
3641
9785
3642
7738
9786
7739
1596
5694
1600
7748
5706
7755
7757
9805
9806
9807
9809
9811
1622
1623
3671
5719
9816
9819
9825
1634
5732
9830
5735
9833
3692
9843
1654
9847
7801
9850
9854
7809
9859
9861
3719
9863
1678
5775
5776
9873
5780
7830
9882
9883
9884
9889
9890
9891
9892
1700
9893
5801
3755
9901
7855
5810
1715
9907
9908
1716
7861
7862
3767
9911
5817
3769
1723
9915
5820
9916
9917
1728
7872
9920
5826
9924
5828
9925
5829
1736
9929
5841
9939
1748
7893
9942
9944
3800
9947
1757
7901
1759
5856
9955
3811
9959
9960
7915
3821
7925
9973
1782
9974
5879
9980
5888
9985
9986
9990
9991
3848
7944
7946
9995
5900
7948
9997
9999
1808
3858
3861
3862
5910
7959
5918
1822
3886
1839
1840
3890
7988
5941
1846
5942
7992
7993
7995
3900
7997
3902
5950
1857
5953
8002
3907
5957
3916
1869
8013
1874
8022
3927
5983
3940
5995
8045
5999
8048
1905
3958
6007
3960
3965
6023
3979
1947
8097
6059
6070
1977
6073
4036
1990
1992
6093
8142
8146
4050
4052
2006
6104
6114
4068
2021
8170
6122
6123
4080
8178
8180
6133
8189
1029
3080
5133
4114
9247
5157
42
47
4143
8252
1085
5183
8268
9295
1111
4201
6256
6257
8306
5237
9335
1145
1149
3198
1155
3204
3207
4233
3212
8337
1170
1171
7325
1184
8358
171
8370
7350
4282
5306
8378
3263
7363
195
199
6344
3277
6352
209
2258
8402
7390
4323
3302
6377
4329
2286
9457
9458
243
8435
245
4342
1271
4343
7416
8441
2299
9469
254
3327
4356
5380
3336
6410
5386
3350
7450
284
288
5408
7458
291
2345
7465
8490
5419
1324
4396
7471
3377
4401
1334
3385
1338
5434
2364
3390
6466
3394
332
2383
6486
7511
3417
5467
8549
1381
358
4454
1385
362
4460
2417
1393
4465
6515
4469
4470
3446
6521
8571
3454
4479
2432
6528
7552
6529
4481
5510
3462
1418
395
6543
4496
1425
4499
6549
9622
1432
8601
9627
3487
7585
1443
1444
3493
4517
1446
5547
2478
7599
3503
3505
4529
7604
9658
9664
7618
6598
6602
6610
4569
6618
6619
3549
1503
2528
485
6634
8685
1519
6640
7669
2550
2552
5629
9728
8706
516
3589
522
9739
6678
2585
6687
4648
7721
2602
4652
6702
2607
3634
563
8756
3638
4663
4664
7736
1593
569
4665
572
4668
573
6719
8769
3653
7751
8777
9802
2638
1617
593
4690
6740
6743
2648
8793
602
6748
9826
8803
7785
1644
4719
3698
1651
7798
2680
8825
644
2693
3721
6798
9876
7831
667
2716
4769
6822
2730
2732
3756
684
6829
686
7856
2736
6834
1718
2747
1727
6847
4801
9923
716
2769
2773
6869
4822
5846
731
4828
4834
739
4838
743
2799
8948
5877
2808
9979
4859
3837
4865
6917
3846
776
4875
7951
783
6934
7958
8983
6935
3864
795
2848
6945
7969
7970
6947
1832
7977
1835
6959
4912
1844
823
829
4927
1856
6977
2883
6984
5970
9051
3936
1888
7009
3938
867
7015
7022
7029
4981
2933
2935
4984
7034
894
7040
7044
7046
902
7049
5006
7057
6036
5012
917
6037
7067
9117
9125
8107
1965
9144
4025
9150
3007
1988
970
2000
5074
7127
6103
988
8163
7139
1007
3058
2037
8187
1020
